0.935000 19.300000
0.935000 19.442857
0.935000 19.585714
0.935000 19.728571
0.935000 19.871429
0.935000 20.014286
0.935000 20.157143
0.935000 20.300000
0.935000 20.442857
0.935000 20.585714
0.935000 20.728571
0.935000 20.871429
0.935000 21.014286
0.935000 21.157143
0.935000 21.300000
0.935000 21.442857
0.935000 21.585714
0.935000 21.728571
0.935000 21.871429
0.935000 22.014286
0.935000 22.157143
0.935000 22.300000
0.935000 22.442857
0.935000 22.585714
0.935000 22.728571
0.935000 22.871429
0.935000 23.014286
0.935000 23.157143
0.935000 23.300000
0.935000 23.442857
0.935000 23.585714
0.935000 23.728571
0.935000 23.871429
0.935000 24.014286
0.935000 24.157143
0.935000 24.300000
0.792143 24.300000
0.649286 24.300000
0.506429 24.300000
0.363571 24.300000
0.220714 24.300000
0.077857 24.300000
-0.065000 24.300000
-0.207857 24.300000
-0.350714 24.300000
-0.493571 24.300000
-0.636429 24.300000
-0.779286 24.300000
-0.922143 24.300000
-1.065000 24.300000
-1.065000 24.157143
-1.065000 24.014286
-1.065000 23.871429
-1.065000 23.728571
-1.065000 23.585714
-1.065000 23.442857
-1.065000 23.300000
-1.065000 23.157143
-1.065000 23.014286
-1.065000 22.871429
-1.065000 22.728571
-1.065000 22.585714
-1.065000 22.442857
-1.065000 22.300000
-1.065000 22.157143
-1.065000 22.014286
-1.065000 21.871429
-1.065000 21.728571
-1.065000 21.585714
-1.065000 21.442857
-1.065000 21.300000
-1.065000 21.157143
-1.065000 21.014286
-1.065000 20.871429
-1.065000 20.728571
-1.065000 20.585714
-1.065000 20.442857
-1.065000 20.300000
-1.065000 20.157143
-1.065000 20.014286
-1.065000 19.871429
-1.065000 19.728571
-1.065000 19.585714
-1.065000 19.442857
-1.065000 19.300000
-1.065000 19.157143
-1.065000 19.014286
-1.065000 18.871429
-1.065000 18.728571
-1.065000 18.585714
-1.065000 18.442857
-1.065000 18.300000
-1.065000 18.157143
-1.065000 18.014286
-1.065000 17.871429
-1.065000 17.728571
-1.065000 17.585714
-1.065000 17.442857
-1.065000 17.300000
-1.065000 17.157143
-1.065000 17.014286
-1.065000 16.871429
-1.065000 16.728571
-1.065000 16.585714
-1.065000 16.442857
-1.065000 16.300000
-1.065000 16.157143
-1.065000 16.014286
-1.065000 15.871429
-1.065000 15.728571
-1.065000 15.585714
-1.065000 15.442857
-1.065000 15.300000
-1.065000 15.157143
-1.065000 15.014286
-1.065000 14.871429
-1.065000 14.728571
-1.065000 14.585714
-1.065000 14.442857
-1.065000 14.300000
-0.779286 14.300000
-0.493571 14.300000
-0.207857 14.300000
0.077857 14.300000
0.363571 14.300000
0.649286 14.300000
0.935000 14.300000
0.935000 14.442857
0.935000 14.585714
0.935000 14.728571
0.935000 14.871429
0.935000 15.014286
0.935000 15.157143
0.935000 15.300000
0.935000 15.442857
0.935000 15.585714
0.935000 15.728571
0.935000 15.871429
0.935000 16.014286
0.935000 16.157143
0.935000 16.300000
0.935000 16.442857
0.935000 16.585714
0.935000 16.728571
0.935000 16.871429
0.935000 17.014286
0.935000 17.157143
0.935000 17.300000
0.935000 17.442857
0.935000 17.585714
0.935000 17.728571
0.935000 17.871429
0.935000 18.014286
0.935000 18.157143
0.935000 18.300000
0.935000 18.442857
0.935000 18.585714
0.935000 18.728571
0.935000 18.871429
0.935000 19.014286
0.935000 19.157143
3.264000 19.300000
3.264000 19.442857
3.264000 19.585714
3.264000 19.728571
3.264000 19.871429
3.264000 20.014286
3.264000 20.157143
3.264000 20.300000
3.264000 20.442857
3.264000 20.585714
3.264000 20.728571
3.264000 20.871429
3.264000 21.014286
3.264000 21.157143
3.264000 21.300000
3.264000 21.442857
3.264000 21.585714
3.264000 21.728571
3.264000 21.871429
3.264000 22.014286
3.264000 22.157143
3.264000 22.300000
3.264000 22.442857
3.264000 22.585714
3.264000 22.728571
3.264000 22.871429
3.264000 23.014286
3.264000 23.157143
3.264000 23.300000
3.264000 23.442857
3.264000 23.585714
3.264000 23.728571
3.264000 23.871429
3.264000 24.014286
3.264000 24.157143
3.264000 24.300000
3.121143 24.300000
2.978286 24.300000
2.835429 24.300000
2.692571 24.300000
2.549714 24.300000
2.406857 24.300000
2.264000 24.300000
2.121143 24.300000
1.978286 24.300000
1.835429 24.300000
1.692571 24.300000
1.549714 24.300000
1.406857 24.300000
1.264000 24.300000
1.264000 24.157143
1.264000 24.014286
1.264000 23.871429
1.264000 23.728571
1.264000 23.585714
1.264000 23.442857
1.264000 23.300000
1.264000 23.157143
1.264000 23.014286
1.264000 22.871429
1.264000 22.728571
1.264000 22.585714
1.264000 22.442857
1.264000 22.300000
1.264000 22.157143
1.264000 22.014286
1.264000 21.871429
1.264000 21.728571
1.264000 21.585714
1.264000 21.442857
1.264000 21.300000
1.264000 21.157143
1.264000 21.014286
1.264000 20.871429
1.264000 20.728571
1.264000 20.585714
1.264000 20.442857
1.264000 20.300000
1.264000 20.157143
1.264000 20.014286
1.264000 19.871429
1.264000 19.728571
1.264000 19.585714
1.264000 19.442857
1.264000 19.300000
1.264000 19.157143
1.264000 19.014286
1.264000 18.871429
1.264000 18.728571
1.264000 18.585714
1.264000 18.442857
1.264000 18.300000
1.264000 18.157143
1.264000 18.014286
1.264000 17.871429
1.264000 17.728571
1.264000 17.585714
1.264000 17.442857
1.264000 17.300000
1.264000 17.157143
1.264000 17.014286
1.264000 16.871429
1.264000 16.728571
1.264000 16.585714
1.264000 16.442857
1.264000 16.300000
1.264000 16.157143
1.264000 16.014286
1.264000 15.871429
1.264000 15.728571
1.264000 15.585714
1.264000 15.442857
1.264000 15.300000
1.264000 15.157143
1.264000 15.014286
1.264000 14.871429
1.264000 14.728571
1.264000 14.585714
1.264000 14.442857
1.264000 14.300000
1.549714 14.300000
1.835429 14.300000
2.121143 14.300000
2.406857 14.300000
2.692571 14.300000
2.978286 14.300000
3.264000 14.300000
3.264000 14.442857
3.264000 14.585714
3.264000 14.728571
3.264000 14.871429
3.264000 15.014286
3.264000 15.157143
3.264000 15.300000
3.264000 15.442857
3.264000 15.585714
3.264000 15.728571
3.264000 15.871429
3.264000 16.014286
3.264000 16.157143
3.264000 16.300000
3.264000 16.442857
3.264000 16.585714
3.264000 16.728571
3.264000 16.871429
3.264000 17.014286
3.264000 17.157143
3.264000 17.300000
3.264000 17.442857
3.264000 17.585714
3.264000 17.728571
3.264000 17.871429
3.264000 18.014286
3.264000 18.157143
3.264000 18.300000
3.264000 18.442857
3.264000 18.585714
3.264000 18.728571
3.264000 18.871429
3.264000 19.014286
3.264000 19.157143
5.593000 19.300000
5.593000 19.442857
5.593000 19.585714
5.593000 19.728571
5.593000 19.871429
5.593000 20.014286
5.593000 20.157143
5.593000 20.300000
5.593000 20.442857
5.593000 20.585714
5.593000 20.728571
5.593000 20.871429
5.593000 21.014286
5.593000 21.157143
5.593000 21.300000
5.593000 21.442857
5.593000 21.585714
5.593000 21.728571
5.593000 21.871429
5.593000 22.014286
5.593000 22.157143
5.593000 22.300000
5.593000 22.442857
5.593000 22.585714
5.593000 22.728571
5.593000 22.871429
5.593000 23.014286
5.593000 23.157143
5.593000 23.300000
5.593000 23.442857
5.593000 23.585714
5.593000 23.728571
5.593000 23.871429
5.593000 24.014286
5.593000 24.157143
5.593000 24.300000
5.450143 24.300000
5.307286 24.300000
5.164429 24.300000
5.021571 24.300000
4.878714 24.300000
4.735857 24.300000
4.593000 24.300000
4.450143 24.300000
4.307286 24.300000
4.164429 24.300000
4.021571 24.300000
3.878714 24.300000
3.735857 24.300000
3.593000 24.300000
3.593000 24.157143
3.593000 24.014286
3.593000 23.871429
3.593000 23.728571
3.593000 23.585714
3.593000 23.442857
3.593000 23.300000
3.593000 23.157143
3.593000 23.014286
3.593000 22.871429
3.593000 22.728571
3.593000 22.585714
3.593000 22.442857
3.593000 22.300000
3.593000 22.157143
3.593000 22.014286
3.593000 21.871429
3.593000 21.728571
3.593000 21.585714
3.593000 21.442857
3.593000 21.300000
3.593000 21.157143
3.593000 21.014286
3.593000 20.871429
3.593000 20.728571
3.593000 20.585714
3.593000 20.442857
3.593000 20.300000
3.593000 20.157143
3.593000 20.014286
3.593000 19.871429
3.593000 19.728571
3.593000 19.585714
3.593000 19.442857
3.593000 19.300000
3.593000 19.157143
3.593000 19.014286
3.593000 18.871429
3.593000 18.728571
3.593000 18.585714
3.593000 18.442857
3.593000 18.300000
3.593000 18.157143
3.593000 18.014286
3.593000 17.871429
3.593000 17.728571
3.593000 17.585714
3.593000 17.442857
3.593000 17.300000
3.593000 17.157143
3.593000 17.014286
3.593000 16.871429
3.593000 16.728571
3.593000 16.585714
3.593000 16.442857
3.593000 16.300000
3.593000 16.157143
3.593000 16.014286
3.593000 15.871429
3.593000 15.728571
3.593000 15.585714
3.593000 15.442857
3.593000 15.300000
3.593000 15.157143
3.593000 15.014286
3.593000 14.871429
3.593000 14.728571
3.593000 14.585714
3.593000 14.442857
3.593000 14.300000
3.878714 14.300000
4.164429 14.300000
4.450143 14.300000
4.735857 14.300000
5.021571 14.300000
5.307286 14.300000
5.593000 14.300000
5.593000 14.442857
5.593000 14.585714
5.593000 14.728571
5.593000 14.871429
5.593000 15.014286
5.593000 15.157143
5.593000 15.300000
5.593000 15.442857
5.593000 15.585714
5.593000 15.728571
5.593000 15.871429
5.593000 16.014286
5.593000 16.157143
5.593000 16.300000
5.593000 16.442857
5.593000 16.585714
5.593000 16.728571
5.593000 16.871429
5.593000 17.014286
5.593000 17.157143
5.593000 17.300000
5.593000 17.442857
5.593000 17.585714
5.593000 17.728571
5.593000 17.871429
5.593000 18.014286
5.593000 18.157143
5.593000 18.300000
5.593000 18.442857
5.593000 18.585714
5.593000 18.728571
5.593000 18.871429
5.593000 19.014286
5.593000 19.157143
7.922000 19.300000
7.922000 19.442857
7.922000 19.585714
7.922000 19.728571
7.922000 19.871429
7.922000 20.014286
7.922000 20.157143
7.922000 20.300000
7.922000 20.442857
7.922000 20.585714
7.922000 20.728571
7.922000 20.871429
7.922000 21.014286
7.922000 21.157143
7.922000 21.300000
7.922000 21.442857
7.922000 21.585714
7.922000 21.728571
7.922000 21.871429
7.922000 22.014286
7.922000 22.157143
7.922000 22.300000
7.922000 22.442857
7.922000 22.585714
7.922000 22.728571
7.922000 22.871429
7.922000 23.014286
7.922000 23.157143
7.922000 23.300000
7.922000 23.442857
7.922000 23.585714
7.922000 23.728571
7.922000 23.871429
7.922000 24.014286
7.922000 24.157143
7.922000 24.300000
7.779143 24.300000
7.636286 24.300000
7.493429 24.300000
7.350571 24.300000
7.207714 24.300000
7.064857 24.300000
6.922000 24.300000
6.779143 24.300000
6.636286 24.300000
6.493429 24.300000
6.350571 24.300000
6.207714 24.300000
6.064857 24.300000
5.922000 24.300000
5.922000 24.157143
5.922000 24.014286
5.922000 23.871429
5.922000 23.728571
5.922000 23.585714
5.922000 23.442857
5.922000 23.300000
5.922000 23.157143
5.922000 23.014286
5.922000 22.871429
5.922000 22.728571
5.922000 22.585714
5.922000 22.442857
5.922000 22.300000
5.922000 22.157143
5.922000 22.014286
5.922000 21.871429
5.922000 21.728571
5.922000 21.585714
5.922000 21.442857
5.922000 21.300000
5.922000 21.157143
5.922000 21.014286
5.922000 20.871429
5.922000 20.728571
5.922000 20.585714
5.922000 20.442857
5.922000 20.300000
5.922000 20.157143
5.922000 20.014286
5.922000 19.871429
5.922000 19.728571
5.922000 19.585714
5.922000 19.442857
5.922000 19.300000
5.922000 19.157143
5.922000 19.014286
5.922000 18.871429
5.922000 18.728571
5.922000 18.585714
5.922000 18.442857
5.922000 18.300000
5.922000 18.157143
5.922000 18.014286
5.922000 17.871429
5.922000 17.728571
5.922000 17.585714
5.922000 17.442857
5.922000 17.300000
5.922000 17.157143
5.922000 17.014286
5.922000 16.871429
5.922000 16.728571
5.922000 16.585714
5.922000 16.442857
5.922000 16.300000
5.922000 16.157143
5.922000 16.014286
5.922000 15.871429
5.922000 15.728571
5.922000 15.585714
5.922000 15.442857
5.922000 15.300000
5.922000 15.157143
5.922000 15.014286
5.922000 14.871429
5.922000 14.728571
5.922000 14.585714
5.922000 14.442857
5.922000 14.300000
6.207714 14.300000
6.493429 14.300000
6.779143 14.300000
7.064857 14.300000
7.350571 14.300000
7.636286 14.300000
7.922000 14.300000
7.922000 14.442857
7.922000 14.585714
7.922000 14.728571
7.922000 14.871429
7.922000 15.014286
7.922000 15.157143
7.922000 15.300000
7.922000 15.442857
7.922000 15.585714
7.922000 15.728571
7.922000 15.871429
7.922000 16.014286
7.922000 16.157143
7.922000 16.300000
7.922000 16.442857
7.922000 16.585714
7.922000 16.728571
7.922000 16.871429
7.922000 17.014286
7.922000 17.157143
7.922000 17.300000
7.922000 17.442857
7.922000 17.585714
7.922000 17.728571
7.922000 17.871429
7.922000 18.014286
7.922000 18.157143
7.922000 18.300000
7.922000 18.442857
7.922000 18.585714
7.922000 18.728571
7.922000 18.871429
7.922000 19.014286
7.922000 19.157143
10.251000 19.300000
10.251000 19.442857
10.251000 19.585714
10.251000 19.728571
10.251000 19.871429
10.251000 20.014286
10.251000 20.157143
10.251000 20.300000
10.251000 20.442857
10.251000 20.585714
10.251000 20.728571
10.251000 20.871429
10.251000 21.014286
10.251000 21.157143
10.251000 21.300000
10.251000 21.442857
10.251000 21.585714
10.251000 21.728571
10.251000 21.871429
10.251000 22.014286
10.251000 22.157143
10.251000 22.300000
10.251000 22.442857
10.251000 22.585714
10.251000 22.728571
10.251000 22.871429
10.251000 23.014286
10.251000 23.157143
10.251000 23.300000
10.251000 23.442857
10.251000 23.585714
10.251000 23.728571
10.251000 23.871429
10.251000 24.014286
10.251000 24.157143
10.251000 24.300000
10.108143 24.300000
9.965286 24.300000
9.822429 24.300000
9.679571 24.300000
9.536714 24.300000
9.393857 24.300000
9.251000 24.300000
9.108143 24.300000
8.965286 24.300000
8.822429 24.300000
8.679571 24.300000
8.536714 24.300000
8.393857 24.300000
8.251000 24.300000
8.251000 24.157143
8.251000 24.014286
8.251000 23.871429
8.251000 23.728571
8.251000 23.585714
8.251000 23.442857
8.251000 23.300000
8.251000 23.157143
8.251000 23.014286
8.251000 22.871429
8.251000 22.728571
8.251000 22.585714
8.251000 22.442857
8.251000 22.300000
8.251000 22.157143
8.251000 22.014286
8.251000 21.871429
8.251000 21.728571
8.251000 21.585714
8.251000 21.442857
8.251000 21.300000
8.251000 21.157143
8.251000 21.014286
8.251000 20.871429
8.251000 20.728571
8.251000 20.585714
8.251000 20.442857
8.251000 20.300000
8.251000 20.157143
8.251000 20.014286
8.251000 19.871429
8.251000 19.728571
8.251000 19.585714
8.251000 19.442857
8.251000 19.300000
8.251000 19.157143
8.251000 19.014286
8.251000 18.871429
8.251000 18.728571
8.251000 18.585714
8.251000 18.442857
8.251000 18.300000
8.251000 18.157143
8.251000 18.014286
8.251000 17.871429
8.251000 17.728571
8.251000 17.585714
8.251000 17.442857
8.251000 17.300000
8.251000 17.157143
8.251000 17.014286
8.251000 16.871429
8.251000 16.728571
8.251000 16.585714
8.251000 16.442857
8.251000 16.300000
8.251000 16.157143
8.251000 16.014286
8.251000 15.871429
8.251000 15.728571
8.251000 15.585714
8.251000 15.442857
8.251000 15.300000
8.251000 15.157143
8.251000 15.014286
8.251000 14.871429
8.251000 14.728571
8.251000 14.585714
8.251000 14.442857
8.251000 14.300000
8.536714 14.300000
8.822429 14.300000
9.108143 14.300000
9.393857 14.300000
9.679571 14.300000
9.965286 14.300000
10.251000 14.300000
10.251000 14.442857
10.251000 14.585714
10.251000 14.728571
10.251000 14.871429
10.251000 15.014286
10.251000 15.157143
10.251000 15.300000
10.251000 15.442857
10.251000 15.585714
10.251000 15.728571
10.251000 15.871429
10.251000 16.014286
10.251000 16.157143
10.251000 16.300000
10.251000 16.442857
10.251000 16.585714
10.251000 16.728571
10.251000 16.871429
10.251000 17.014286
10.251000 17.157143
10.251000 17.300000
10.251000 17.442857
10.251000 17.585714
10.251000 17.728571
10.251000 17.871429
10.251000 18.014286
10.251000 18.157143
10.251000 18.300000
10.251000 18.442857
10.251000 18.585714
10.251000 18.728571
10.251000 18.871429
10.251000 19.014286
10.251000 19.157143
12.580000 19.300000
12.580000 19.442857
12.580000 19.585714
12.580000 19.728571
12.580000 19.871429
12.580000 20.014286
12.580000 20.157143
12.580000 20.300000
12.580000 20.442857
12.580000 20.585714
12.580000 20.728571
12.580000 20.871429
12.580000 21.014286
12.580000 21.157143
12.580000 21.300000
12.580000 21.442857
12.580000 21.585714
12.580000 21.728571
12.580000 21.871429
12.580000 22.014286
12.580000 22.157143
12.580000 22.300000
12.580000 22.442857
12.580000 22.585714
12.580000 22.728571
12.580000 22.871429
12.580000 23.014286
12.580000 23.157143
12.580000 23.300000
12.580000 23.442857
12.580000 23.585714
12.580000 23.728571
12.580000 23.871429
12.580000 24.014286
12.580000 24.157143
12.580000 24.300000
12.437143 24.300000
12.294286 24.300000
12.151429 24.300000
12.008571 24.300000
11.865714 24.300000
11.722857 24.300000
11.580000 24.300000
11.437143 24.300000
11.294286 24.300000
11.151429 24.300000
11.008571 24.300000
10.865714 24.300000
10.722857 24.300000
10.580000 24.300000
10.580000 24.157143
10.580000 24.014286
10.580000 23.871429
10.580000 23.728571
10.580000 23.585714
10.580000 23.442857
10.580000 23.300000
10.580000 23.157143
10.580000 23.014286
10.580000 22.871429
10.580000 22.728571
10.580000 22.585714
10.580000 22.442857
10.580000 22.300000
10.580000 22.157143
10.580000 22.014286
10.580000 21.871429
10.580000 21.728571
10.580000 21.585714
10.580000 21.442857
10.580000 21.300000
10.580000 21.157143
10.580000 21.014286
10.580000 20.871429
10.580000 20.728571
10.580000 20.585714
10.580000 20.442857
10.580000 20.300000
10.580000 20.157143
10.580000 20.014286
10.580000 19.871429
10.580000 19.728571
10.580000 19.585714
10.580000 19.442857
10.580000 19.300000
10.580000 19.157143
10.580000 19.014286
10.580000 18.871429
10.580000 18.728571
10.580000 18.585714
10.580000 18.442857
10.580000 18.300000
10.580000 18.157143
10.580000 18.014286
10.580000 17.871429
10.580000 17.728571
10.580000 17.585714
10.580000 17.442857
10.580000 17.300000
10.580000 17.157143
10.580000 17.014286
10.580000 16.871429
10.580000 16.728571
10.580000 16.585714
10.580000 16.442857
10.580000 16.300000
10.580000 16.157143
10.580000 16.014286
10.580000 15.871429
10.580000 15.728571
10.580000 15.585714
10.580000 15.442857
10.580000 15.300000
10.580000 15.157143
10.580000 15.014286
10.580000 14.871429
10.580000 14.728571
10.580000 14.585714
10.580000 14.442857
10.580000 14.300000
10.865714 14.300000
11.151429 14.300000
11.437143 14.300000
11.722857 14.300000
12.008571 14.300000
12.294286 14.300000
12.580000 14.300000
12.580000 14.442857
12.580000 14.585714
12.580000 14.728571
12.580000 14.871429
12.580000 15.014286
12.580000 15.157143
12.580000 15.300000
12.580000 15.442857
12.580000 15.585714
12.580000 15.728571
12.580000 15.871429
12.580000 16.014286
12.580000 16.157143
12.580000 16.300000
12.580000 16.442857
12.580000 16.585714
12.580000 16.728571
12.580000 16.871429
12.580000 17.014286
12.580000 17.157143
12.580000 17.300000
12.580000 17.442857
12.580000 17.585714
12.580000 17.728571
12.580000 17.871429
12.580000 18.014286
12.580000 18.157143
12.580000 18.300000
12.580000 18.442857
12.580000 18.585714
12.580000 18.728571
12.580000 18.871429
12.580000 19.014286
12.580000 19.157143
14.909000 19.300000
14.909000 19.442857
14.909000 19.585714
14.909000 19.728571
14.909000 19.871429
14.909000 20.014286
14.909000 20.157143
14.909000 20.300000
14.909000 20.442857
14.909000 20.585714
14.909000 20.728571
14.909000 20.871429
14.909000 21.014286
14.909000 21.157143
14.909000 21.300000
14.909000 21.442857
14.909000 21.585714
14.909000 21.728571
14.909000 21.871429
14.909000 22.014286
14.909000 22.157143
14.909000 22.300000
14.909000 22.442857
14.909000 22.585714
14.909000 22.728571
14.909000 22.871429
14.909000 23.014286
14.909000 23.157143
14.909000 23.300000
14.909000 23.442857
14.909000 23.585714
14.909000 23.728571
14.909000 23.871429
14.909000 24.014286
14.909000 24.157143
14.909000 24.300000
14.766143 24.300000
14.623286 24.300000
14.480429 24.300000
14.337571 24.300000
14.194714 24.300000
14.051857 24.300000
13.909000 24.300000
13.766143 24.300000
13.623286 24.300000
13.480429 24.300000
13.337571 24.300000
13.194714 24.300000
13.051857 24.300000
12.909000 24.300000
12.909000 24.157143
12.909000 24.014286
12.909000 23.871429
12.909000 23.728571
12.909000 23.585714
12.909000 23.442857
12.909000 23.300000
12.909000 23.157143
12.909000 23.014286
12.909000 22.871429
12.909000 22.728571
12.909000 22.585714
12.909000 22.442857
12.909000 22.300000
12.909000 22.157143
12.909000 22.014286
12.909000 21.871429
12.909000 21.728571
12.909000 21.585714
12.909000 21.442857
12.909000 21.300000
12.909000 21.157143
12.909000 21.014286
12.909000 20.871429
12.909000 20.728571
12.909000 20.585714
12.909000 20.442857
12.909000 20.300000
12.909000 20.157143
12.909000 20.014286
12.909000 19.871429
12.909000 19.728571
12.909000 19.585714
12.909000 19.442857
12.909000 19.300000
12.909000 19.157143
12.909000 19.014286
12.909000 18.871429
12.909000 18.728571
12.909000 18.585714
12.909000 18.442857
12.909000 18.300000
12.909000 18.157143
12.909000 18.014286
12.909000 17.871429
12.909000 17.728571
12.909000 17.585714
12.909000 17.442857
12.909000 17.300000
12.909000 17.157143
12.909000 17.014286
12.909000 16.871429
12.909000 16.728571
12.909000 16.585714
12.909000 16.442857
12.909000 16.300000
12.909000 16.157143
12.909000 16.014286
12.909000 15.871429
12.909000 15.728571
12.909000 15.585714
12.909000 15.442857
12.909000 15.300000
12.909000 15.157143
12.909000 15.014286
12.909000 14.871429
12.909000 14.728571
12.909000 14.585714
12.909000 14.442857
12.909000 14.300000
13.194714 14.300000
13.480429 14.300000
13.766143 14.300000
14.051857 14.300000
14.337571 14.300000
14.623286 14.300000
14.909000 14.300000
14.909000 14.442857
14.909000 14.585714
14.909000 14.728571
14.909000 14.871429
14.909000 15.014286
14.909000 15.157143
14.909000 15.300000
14.909000 15.442857
14.909000 15.585714
14.909000 15.728571
14.909000 15.871429
14.909000 16.014286
14.909000 16.157143
14.909000 16.300000
14.909000 16.442857
14.909000 16.585714
14.909000 16.728571
14.909000 16.871429
14.909000 17.014286
14.909000 17.157143
14.909000 17.300000
14.909000 17.442857
14.909000 17.585714
14.909000 17.728571
14.909000 17.871429
14.909000 18.014286
14.909000 18.157143
14.909000 18.300000
14.909000 18.442857
14.909000 18.585714
14.909000 18.728571
14.909000 18.871429
14.909000 19.014286
14.909000 19.157143
17.238000 19.300000
17.238000 19.442857
17.238000 19.585714
17.238000 19.728571
17.238000 19.871429
17.238000 20.014286
17.238000 20.157143
17.238000 20.300000
17.238000 20.442857
17.238000 20.585714
17.238000 20.728571
17.238000 20.871429
17.238000 21.014286
17.238000 21.157143
17.238000 21.300000
17.238000 21.442857
17.238000 21.585714
17.238000 21.728571
17.238000 21.871429
17.238000 22.014286
17.238000 22.157143
17.238000 22.300000
17.238000 22.442857
17.238000 22.585714
17.238000 22.728571
17.238000 22.871429
17.238000 23.014286
17.238000 23.157143
17.238000 23.300000
17.238000 23.442857
17.238000 23.585714
17.238000 23.728571
17.238000 23.871429
17.238000 24.014286
17.238000 24.157143
17.238000 24.300000
17.095143 24.300000
16.952286 24.300000
16.809429 24.300000
16.666571 24.300000
16.523714 24.300000
16.380857 24.300000
16.238000 24.300000
16.095143 24.300000
15.952286 24.300000
15.809429 24.300000
15.666571 24.300000
15.523714 24.300000
15.380857 24.300000
15.238000 24.300000
15.238000 24.157143
15.238000 24.014286
15.238000 23.871429
15.238000 23.728571
15.238000 23.585714
15.238000 23.442857
15.238000 23.300000
15.238000 23.157143
15.238000 23.014286
15.238000 22.871429
15.238000 22.728571
15.238000 22.585714
15.238000 22.442857
15.238000 22.300000
15.238000 22.157143
15.238000 22.014286
15.238000 21.871429
15.238000 21.728571
15.238000 21.585714
15.238000 21.442857
15.238000 21.300000
15.238000 21.157143
15.238000 21.014286
15.238000 20.871429
15.238000 20.728571
15.238000 20.585714
15.238000 20.442857
15.238000 20.300000
15.238000 20.157143
15.238000 20.014286
15.238000 19.871429
15.238000 19.728571
15.238000 19.585714
15.238000 19.442857
15.238000 19.300000
15.238000 19.157143
15.238000 19.014286
15.238000 18.871429
15.238000 18.728571
15.238000 18.585714
15.238000 18.442857
15.238000 18.300000
15.238000 18.157143
15.238000 18.014286
15.238000 17.871429
15.238000 17.728571
15.238000 17.585714
15.238000 17.442857
15.238000 17.300000
15.238000 17.157143
15.238000 17.014286
15.238000 16.871429
15.238000 16.728571
15.238000 16.585714
15.238000 16.442857
15.238000 16.300000
15.238000 16.157143
15.238000 16.014286
15.238000 15.871429
15.238000 15.728571
15.238000 15.585714
15.238000 15.442857
15.238000 15.300000
15.238000 15.157143
15.238000 15.014286
15.238000 14.871429
15.238000 14.728571
15.238000 14.585714
15.238000 14.442857
15.238000 14.300000
15.523714 14.300000
15.809429 14.300000
16.095143 14.300000
16.380857 14.300000
16.666571 14.300000
16.952286 14.300000
17.238000 14.300000
17.238000 14.442857
17.238000 14.585714
17.238000 14.728571
17.238000 14.871429
17.238000 15.014286
17.238000 15.157143
17.238000 15.300000
17.238000 15.442857
17.238000 15.585714
17.238000 15.728571
17.238000 15.871429
17.238000 16.014286
17.238000 16.157143
17.238000 16.300000
17.238000 16.442857
17.238000 16.585714
17.238000 16.728571
17.238000 16.871429
17.238000 17.014286
17.238000 17.157143
17.238000 17.300000
17.238000 17.442857
17.238000 17.585714
17.238000 17.728571
17.238000 17.871429
17.238000 18.014286
17.238000 18.157143
17.238000 18.300000
17.238000 18.442857
17.238000 18.585714
17.238000 18.728571
17.238000 18.871429
17.238000 19.014286
17.238000 19.157143
19.567000 19.300000
19.567000 19.442857
19.567000 19.585714
19.567000 19.728571
19.567000 19.871429
19.567000 20.014286
19.567000 20.157143
19.567000 20.300000
19.567000 20.442857
19.567000 20.585714
19.567000 20.728571
19.567000 20.871429
19.567000 21.014286
19.567000 21.157143
19.567000 21.300000
19.567000 21.442857
19.567000 21.585714
19.567000 21.728571
19.567000 21.871429
19.567000 22.014286
19.567000 22.157143
19.567000 22.300000
19.567000 22.442857
19.567000 22.585714
19.567000 22.728571
19.567000 22.871429
19.567000 23.014286
19.567000 23.157143
19.567000 23.300000
19.567000 23.442857
19.567000 23.585714
19.567000 23.728571
19.567000 23.871429
19.567000 24.014286
19.567000 24.157143
19.567000 24.300000
19.424143 24.300000
19.281286 24.300000
19.138429 24.300000
18.995571 24.300000
18.852714 24.300000
18.709857 24.300000
18.567000 24.300000
18.424143 24.300000
18.281286 24.300000
18.138429 24.300000
17.995571 24.300000
17.852714 24.300000
17.709857 24.300000
17.567000 24.300000
17.567000 24.157143
17.567000 24.014286
17.567000 23.871429
17.567000 23.728571
17.567000 23.585714
17.567000 23.442857
17.567000 23.300000
17.567000 23.157143
17.567000 23.014286
17.567000 22.871429
17.567000 22.728571
17.567000 22.585714
17.567000 22.442857
17.567000 22.300000
17.567000 22.157143
17.567000 22.014286
17.567000 21.871429
17.567000 21.728571
17.567000 21.585714
17.567000 21.442857
17.567000 21.300000
17.567000 21.157143
17.567000 21.014286
17.567000 20.871429
17.567000 20.728571
17.567000 20.585714
17.567000 20.442857
17.567000 20.300000
17.567000 20.157143
17.567000 20.014286
17.567000 19.871429
17.567000 19.728571
17.567000 19.585714
17.567000 19.442857
17.567000 19.300000
17.567000 19.157143
17.567000 19.014286
17.567000 18.871429
17.567000 18.728571
17.567000 18.585714
17.567000 18.442857
17.567000 18.300000
17.567000 18.157143
17.567000 18.014286
17.567000 17.871429
17.567000 17.728571
17.567000 17.585714
17.567000 17.442857
17.567000 17.300000
17.567000 17.157143
17.567000 17.014286
17.567000 16.871429
17.567000 16.728571
17.567000 16.585714
17.567000 16.442857
17.567000 16.300000
17.567000 16.157143
17.567000 16.014286
17.567000 15.871429
17.567000 15.728571
17.567000 15.585714
17.567000 15.442857
17.567000 15.300000
17.567000 15.157143
17.567000 15.014286
17.567000 14.871429
17.567000 14.728571
17.567000 14.585714
17.567000 14.442857
17.567000 14.300000
17.852714 14.300000
18.138429 14.300000
18.424143 14.300000
18.709857 14.300000
18.995571 14.300000
19.281286 14.300000
19.567000 14.300000
19.567000 14.442857
19.567000 14.585714
19.567000 14.728571
19.567000 14.871429
19.567000 15.014286
19.567000 15.157143
19.567000 15.300000
19.567000 15.442857
19.567000 15.585714
19.567000 15.728571
19.567000 15.871429
19.567000 16.014286
19.567000 16.157143
19.567000 16.300000
19.567000 16.442857
19.567000 16.585714
19.567000 16.728571
19.567000 16.871429
19.567000 17.014286
19.567000 17.157143
19.567000 17.300000
19.567000 17.442857
19.567000 17.585714
19.567000 17.728571
19.567000 17.871429
19.567000 18.014286
19.567000 18.157143
19.567000 18.300000
19.567000 18.442857
19.567000 18.585714
19.567000 18.728571
19.567000 18.871429
19.567000 19.014286
19.567000 19.157143
21.896000 19.300000
21.896000 19.442857
21.896000 19.585714
21.896000 19.728571
21.896000 19.871429
21.896000 20.014286
21.896000 20.157143
21.896000 20.300000
21.896000 20.442857
21.896000 20.585714
21.896000 20.728571
21.896000 20.871429
21.896000 21.014286
21.896000 21.157143
21.896000 21.300000
21.896000 21.442857
21.896000 21.585714
21.896000 21.728571
21.896000 21.871429
21.896000 22.014286
21.896000 22.157143
21.896000 22.300000
21.896000 22.442857
21.896000 22.585714
21.896000 22.728571
21.896000 22.871429
21.896000 23.014286
21.896000 23.157143
21.896000 23.300000
21.896000 23.442857
21.896000 23.585714
21.896000 23.728571
21.896000 23.871429
21.896000 24.014286
21.896000 24.157143
21.896000 24.300000
21.753143 24.300000
21.610286 24.300000
21.467429 24.300000
21.324571 24.300000
21.181714 24.300000
21.038857 24.300000
20.896000 24.300000
20.753143 24.300000
20.610286 24.300000
20.467429 24.300000
20.324571 24.300000
20.181714 24.300000
20.038857 24.300000
19.896000 24.300000
19.896000 24.157143
19.896000 24.014286
19.896000 23.871429
19.896000 23.728571
19.896000 23.585714
19.896000 23.442857
19.896000 23.300000
19.896000 23.157143
19.896000 23.014286
19.896000 22.871429
19.896000 22.728571
19.896000 22.585714
19.896000 22.442857
19.896000 22.300000
19.896000 22.157143
19.896000 22.014286
19.896000 21.871429
19.896000 21.728571
19.896000 21.585714
19.896000 21.442857
19.896000 21.300000
19.896000 21.157143
19.896000 21.014286
19.896000 20.871429
19.896000 20.728571
19.896000 20.585714
19.896000 20.442857
19.896000 20.300000
19.896000 20.157143
19.896000 20.014286
19.896000 19.871429
19.896000 19.728571
19.896000 19.585714
19.896000 19.442857
19.896000 19.300000
19.896000 19.157143
19.896000 19.014286
19.896000 18.871429
19.896000 18.728571
19.896000 18.585714
19.896000 18.442857
19.896000 18.300000
19.896000 18.157143
19.896000 18.014286
19.896000 17.871429
19.896000 17.728571
19.896000 17.585714
19.896000 17.442857
19.896000 17.300000
19.896000 17.157143
19.896000 17.014286
19.896000 16.871429
19.896000 16.728571
19.896000 16.585714
19.896000 16.442857
19.896000 16.300000
19.896000 16.157143
19.896000 16.014286
19.896000 15.871429
19.896000 15.728571
19.896000 15.585714
19.896000 15.442857
19.896000 15.300000
19.896000 15.157143
19.896000 15.014286
19.896000 14.871429
19.896000 14.728571
19.896000 14.585714
19.896000 14.442857
19.896000 14.300000
20.181714 14.300000
20.467429 14.300000
20.753143 14.300000
21.038857 14.300000
21.324571 14.300000
21.610286 14.300000
21.896000 14.300000
21.896000 14.442857
21.896000 14.585714
21.896000 14.728571
21.896000 14.871429
21.896000 15.014286
21.896000 15.157143
21.896000 15.300000
21.896000 15.442857
21.896000 15.585714
21.896000 15.728571
21.896000 15.871429
21.896000 16.014286
21.896000 16.157143
21.896000 16.300000
21.896000 16.442857
21.896000 16.585714
21.896000 16.728571
21.896000 16.871429
21.896000 17.014286
21.896000 17.157143
21.896000 17.300000
21.896000 17.442857
21.896000 17.585714
21.896000 17.728571
21.896000 17.871429
21.896000 18.014286
21.896000 18.157143
21.896000 18.300000
21.896000 18.442857
21.896000 18.585714
21.896000 18.728571
21.896000 18.871429
21.896000 19.014286
21.896000 19.157143
24.225000 19.300000
24.225000 19.442857
24.225000 19.585714
24.225000 19.728571
24.225000 19.871429
24.225000 20.014286
24.225000 20.157143
24.225000 20.300000
24.225000 20.442857
24.225000 20.585714
24.225000 20.728571
24.225000 20.871429
24.225000 21.014286
24.225000 21.157143
24.225000 21.300000
24.225000 21.442857
24.225000 21.585714
24.225000 21.728571
24.225000 21.871429
24.225000 22.014286
24.225000 22.157143
24.225000 22.300000
24.225000 22.442857
24.225000 22.585714
24.225000 22.728571
24.225000 22.871429
24.225000 23.014286
24.225000 23.157143
24.225000 23.300000
24.225000 23.442857
24.225000 23.585714
24.225000 23.728571
24.225000 23.871429
24.225000 24.014286
24.225000 24.157143
24.225000 24.300000
24.082143 24.300000
23.939286 24.300000
23.796429 24.300000
23.653571 24.300000
23.510714 24.300000
23.367857 24.300000
23.225000 24.300000
23.082143 24.300000
22.939286 24.300000
22.796429 24.300000
22.653571 24.300000
22.510714 24.300000
22.367857 24.300000
22.225000 24.300000
22.225000 24.157143
22.225000 24.014286
22.225000 23.871429
22.225000 23.728571
22.225000 23.585714
22.225000 23.442857
22.225000 23.300000
22.225000 23.157143
22.225000 23.014286
22.225000 22.871429
22.225000 22.728571
22.225000 22.585714
22.225000 22.442857
22.225000 22.300000
22.225000 22.157143
22.225000 22.014286
22.225000 21.871429
22.225000 21.728571
22.225000 21.585714
22.225000 21.442857
22.225000 21.300000
22.225000 21.157143
22.225000 21.014286
22.225000 20.871429
22.225000 20.728571
22.225000 20.585714
22.225000 20.442857
22.225000 20.300000
22.225000 20.157143
22.225000 20.014286
22.225000 19.871429
22.225000 19.728571
22.225000 19.585714
22.225000 19.442857
22.225000 19.300000
22.225000 19.157143
22.225000 19.014286
22.225000 18.871429
22.225000 18.728571
22.225000 18.585714
22.225000 18.442857
22.225000 18.300000
22.225000 18.157143
22.225000 18.014286
22.225000 17.871429
22.225000 17.728571
22.225000 17.585714
22.225000 17.442857
22.225000 17.300000
22.225000 17.157143
22.225000 17.014286
22.225000 16.871429
22.225000 16.728571
22.225000 16.585714
22.225000 16.442857
22.225000 16.300000
22.225000 16.157143
22.225000 16.014286
22.225000 15.871429
22.225000 15.728571
22.225000 15.585714
22.225000 15.442857
22.225000 15.300000
22.225000 15.157143
22.225000 15.014286
22.225000 14.871429
22.225000 14.728571
22.225000 14.585714
22.225000 14.442857
22.225000 14.300000
22.510714 14.300000
22.796429 14.300000
23.082143 14.300000
23.367857 14.300000
23.653571 14.300000
23.939286 14.300000
24.225000 14.300000
24.225000 14.442857
24.225000 14.585714
24.225000 14.728571
24.225000 14.871429
24.225000 15.014286
24.225000 15.157143
24.225000 15.300000
24.225000 15.442857
24.225000 15.585714
24.225000 15.728571
24.225000 15.871429
24.225000 16.014286
24.225000 16.157143
24.225000 16.300000
24.225000 16.442857
24.225000 16.585714
24.225000 16.728571
24.225000 16.871429
24.225000 17.014286
24.225000 17.157143
24.225000 17.300000
24.225000 17.442857
24.225000 17.585714
24.225000 17.728571
24.225000 17.871429
24.225000 18.014286
24.225000 18.157143
24.225000 18.300000
24.225000 18.442857
24.225000 18.585714
24.225000 18.728571
24.225000 18.871429
24.225000 19.014286
24.225000 19.157143
26.554000 19.300000
26.554000 19.442857
26.554000 19.585714
26.554000 19.728571
26.554000 19.871429
26.554000 20.014286
26.554000 20.157143
26.554000 20.300000
26.554000 20.442857
26.554000 20.585714
26.554000 20.728571
26.554000 20.871429
26.554000 21.014286
26.554000 21.157143
26.554000 21.300000
26.554000 21.442857
26.554000 21.585714
26.554000 21.728571
26.554000 21.871429
26.554000 22.014286
26.554000 22.157143
26.554000 22.300000
26.554000 22.442857
26.554000 22.585714
26.554000 22.728571
26.554000 22.871429
26.554000 23.014286
26.554000 23.157143
26.554000 23.300000
26.554000 23.442857
26.554000 23.585714
26.554000 23.728571
26.554000 23.871429
26.554000 24.014286
26.554000 24.157143
26.554000 24.300000
26.411143 24.300000
26.268286 24.300000
26.125429 24.300000
25.982571 24.300000
25.839714 24.300000
25.696857 24.300000
25.554000 24.300000
25.411143 24.300000
25.268286 24.300000
25.125429 24.300000
24.982571 24.300000
24.839714 24.300000
24.696857 24.300000
24.554000 24.300000
24.554000 24.157143
24.554000 24.014286
24.554000 23.871429
24.554000 23.728571
24.554000 23.585714
24.554000 23.442857
24.554000 23.300000
24.554000 23.157143
24.554000 23.014286
24.554000 22.871429
24.554000 22.728571
24.554000 22.585714
24.554000 22.442857
24.554000 22.300000
24.554000 22.157143
24.554000 22.014286
24.554000 21.871429
24.554000 21.728571
24.554000 21.585714
24.554000 21.442857
24.554000 21.300000
24.554000 21.157143
24.554000 21.014286
24.554000 20.871429
24.554000 20.728571
24.554000 20.585714
24.554000 20.442857
24.554000 20.300000
24.554000 20.157143
24.554000 20.014286
24.554000 19.871429
24.554000 19.728571
24.554000 19.585714
24.554000 19.442857
24.554000 19.300000
24.554000 19.157143
24.554000 19.014286
24.554000 18.871429
24.554000 18.728571
24.554000 18.585714
24.554000 18.442857
24.554000 18.300000
24.554000 18.157143
24.554000 18.014286
24.554000 17.871429
24.554000 17.728571
24.554000 17.585714
24.554000 17.442857
24.554000 17.300000
24.554000 17.157143
24.554000 17.014286
24.554000 16.871429
24.554000 16.728571
24.554000 16.585714
24.554000 16.442857
24.554000 16.300000
24.554000 16.157143
24.554000 16.014286
24.554000 15.871429
24.554000 15.728571
24.554000 15.585714
24.554000 15.442857
24.554000 15.300000
24.554000 15.157143
24.554000 15.014286
24.554000 14.871429
24.554000 14.728571
24.554000 14.585714
24.554000 14.442857
24.554000 14.300000
24.839714 14.300000
25.125429 14.300000
25.411143 14.300000
25.696857 14.300000
25.982571 14.300000
26.268286 14.300000
26.554000 14.300000
26.554000 14.442857
26.554000 14.585714
26.554000 14.728571
26.554000 14.871429
26.554000 15.014286
26.554000 15.157143
26.554000 15.300000
26.554000 15.442857
26.554000 15.585714
26.554000 15.728571
26.554000 15.871429
26.554000 16.014286
26.554000 16.157143
26.554000 16.300000
26.554000 16.442857
26.554000 16.585714
26.554000 16.728571
26.554000 16.871429
26.554000 17.014286
26.554000 17.157143
26.554000 17.300000
26.554000 17.442857
26.554000 17.585714
26.554000 17.728571
26.554000 17.871429
26.554000 18.014286
26.554000 18.157143
26.554000 18.300000
26.554000 18.442857
26.554000 18.585714
26.554000 18.728571
26.554000 18.871429
26.554000 19.014286
26.554000 19.157143
28.883000 19.300000
28.883000 19.442857
28.883000 19.585714
28.883000 19.728571
28.883000 19.871429
28.883000 20.014286
28.883000 20.157143
28.883000 20.300000
28.883000 20.442857
28.883000 20.585714
28.883000 20.728571
28.883000 20.871429
28.883000 21.014286
28.883000 21.157143
28.883000 21.300000
28.883000 21.442857
28.883000 21.585714
28.883000 21.728571
28.883000 21.871429
28.883000 22.014286
28.883000 22.157143
28.883000 22.300000
28.883000 22.442857
28.883000 22.585714
28.883000 22.728571
28.883000 22.871429
28.883000 23.014286
28.883000 23.157143
28.883000 23.300000
28.883000 23.442857
28.883000 23.585714
28.883000 23.728571
28.883000 23.871429
28.883000 24.014286
28.883000 24.157143
28.883000 24.300000
28.740143 24.300000
28.597286 24.300000
28.454429 24.300000
28.311571 24.300000
28.168714 24.300000
28.025857 24.300000
27.883000 24.300000
27.740143 24.300000
27.597286 24.300000
27.454429 24.300000
27.311571 24.300000
27.168714 24.300000
27.025857 24.300000
26.883000 24.300000
26.883000 24.157143
26.883000 24.014286
26.883000 23.871429
26.883000 23.728571
26.883000 23.585714
26.883000 23.442857
26.883000 23.300000
26.883000 23.157143
26.883000 23.014286
26.883000 22.871429
26.883000 22.728571
26.883000 22.585714
26.883000 22.442857
26.883000 22.300000
26.883000 22.157143
26.883000 22.014286
26.883000 21.871429
26.883000 21.728571
26.883000 21.585714
26.883000 21.442857
26.883000 21.300000
26.883000 21.157143
26.883000 21.014286
26.883000 20.871429
26.883000 20.728571
26.883000 20.585714
26.883000 20.442857
26.883000 20.300000
26.883000 20.157143
26.883000 20.014286
26.883000 19.871429
26.883000 19.728571
26.883000 19.585714
26.883000 19.442857
26.883000 19.300000
26.883000 19.157143
26.883000 19.014286
26.883000 18.871429
26.883000 18.728571
26.883000 18.585714
26.883000 18.442857
26.883000 18.300000
26.883000 18.157143
26.883000 18.014286
26.883000 17.871429
26.883000 17.728571
26.883000 17.585714
26.883000 17.442857
26.883000 17.300000
26.883000 17.157143
26.883000 17.014286
26.883000 16.871429
26.883000 16.728571
26.883000 16.585714
26.883000 16.442857
26.883000 16.300000
26.883000 16.157143
26.883000 16.014286
26.883000 15.871429
26.883000 15.728571
26.883000 15.585714
26.883000 15.442857
26.883000 15.300000
26.883000 15.157143
26.883000 15.014286
26.883000 14.871429
26.883000 14.728571
26.883000 14.585714
26.883000 14.442857
26.883000 14.300000
27.168714 14.300000
27.454429 14.300000
27.740143 14.300000
28.025857 14.300000
28.311571 14.300000
28.597286 14.300000
28.883000 14.300000
28.883000 14.442857
28.883000 14.585714
28.883000 14.728571
28.883000 14.871429
28.883000 15.014286
28.883000 15.157143
28.883000 15.300000
28.883000 15.442857
28.883000 15.585714
28.883000 15.728571
28.883000 15.871429
28.883000 16.014286
28.883000 16.157143
28.883000 16.300000
28.883000 16.442857
28.883000 16.585714
28.883000 16.728571
28.883000 16.871429
28.883000 17.014286
28.883000 17.157143
28.883000 17.300000
28.883000 17.442857
28.883000 17.585714
28.883000 17.728571
28.883000 17.871429
28.883000 18.014286
28.883000 18.157143
28.883000 18.300000
28.883000 18.442857
28.883000 18.585714
28.883000 18.728571
28.883000 18.871429
28.883000 19.014286
28.883000 19.157143
31.212000 19.300000
31.212000 19.442857
31.212000 19.585714
31.212000 19.728571
31.212000 19.871429
31.212000 20.014286
31.212000 20.157143
31.212000 20.300000
31.212000 20.442857
31.212000 20.585714
31.212000 20.728571
31.212000 20.871429
31.212000 21.014286
31.212000 21.157143
31.212000 21.300000
31.212000 21.442857
31.212000 21.585714
31.212000 21.728571
31.212000 21.871429
31.212000 22.014286
31.212000 22.157143
31.212000 22.300000
31.212000 22.442857
31.212000 22.585714
31.212000 22.728571
31.212000 22.871429
31.212000 23.014286
31.212000 23.157143
31.212000 23.300000
31.212000 23.442857
31.212000 23.585714
31.212000 23.728571
31.212000 23.871429
31.212000 24.014286
31.212000 24.157143
31.212000 24.300000
31.069143 24.300000
30.926286 24.300000
30.783429 24.300000
30.640571 24.300000
30.497714 24.300000
30.354857 24.300000
30.212000 24.300000
30.069143 24.300000
29.926286 24.300000
29.783429 24.300000
29.640571 24.300000
29.497714 24.300000
29.354857 24.300000
29.212000 24.300000
29.212000 24.157143
29.212000 24.014286
29.212000 23.871429
29.212000 23.728571
29.212000 23.585714
29.212000 23.442857
29.212000 23.300000
29.212000 23.157143
29.212000 23.014286
29.212000 22.871429
29.212000 22.728571
29.212000 22.585714
29.212000 22.442857
29.212000 22.300000
29.212000 22.157143
29.212000 22.014286
29.212000 21.871429
29.212000 21.728571
29.212000 21.585714
29.212000 21.442857
29.212000 21.300000
29.212000 21.157143
29.212000 21.014286
29.212000 20.871429
29.212000 20.728571
29.212000 20.585714
29.212000 20.442857
29.212000 20.300000
29.212000 20.157143
29.212000 20.014286
29.212000 19.871429
29.212000 19.728571
29.212000 19.585714
29.212000 19.442857
29.212000 19.300000
29.212000 19.157143
29.212000 19.014286
29.212000 18.871429
29.212000 18.728571
29.212000 18.585714
29.212000 18.442857
29.212000 18.300000
29.212000 18.157143
29.212000 18.014286
29.212000 17.871429
29.212000 17.728571
29.212000 17.585714
29.212000 17.442857
29.212000 17.300000
29.212000 17.157143
29.212000 17.014286
29.212000 16.871429
29.212000 16.728571
29.212000 16.585714
29.212000 16.442857
29.212000 16.300000
29.212000 16.157143
29.212000 16.014286
29.212000 15.871429
29.212000 15.728571
29.212000 15.585714
29.212000 15.442857
29.212000 15.300000
29.212000 15.157143
29.212000 15.014286
29.212000 14.871429
29.212000 14.728571
29.212000 14.585714
29.212000 14.442857
29.212000 14.300000
29.497714 14.300000
29.783429 14.300000
30.069143 14.300000
30.354857 14.300000
30.640571 14.300000
30.926286 14.300000
31.212000 14.300000
31.212000 14.442857
31.212000 14.585714
31.212000 14.728571
31.212000 14.871429
31.212000 15.014286
31.212000 15.157143
31.212000 15.300000
31.212000 15.442857
31.212000 15.585714
31.212000 15.728571
31.212000 15.871429
31.212000 16.014286
31.212000 16.157143
31.212000 16.300000
31.212000 16.442857
31.212000 16.585714
31.212000 16.728571
31.212000 16.871429
31.212000 17.014286
31.212000 17.157143
31.212000 17.300000
31.212000 17.442857
31.212000 17.585714
31.212000 17.728571
31.212000 17.871429
31.212000 18.014286
31.212000 18.157143
31.212000 18.300000
31.212000 18.442857
31.212000 18.585714
31.212000 18.728571
31.212000 18.871429
31.212000 19.014286
31.212000 19.157143
33.541000 19.300000
33.541000 19.442857
33.541000 19.585714
33.541000 19.728571
33.541000 19.871429
33.541000 20.014286
33.541000 20.157143
33.541000 20.300000
33.541000 20.442857
33.541000 20.585714
33.541000 20.728571
33.541000 20.871429
33.541000 21.014286
33.541000 21.157143
33.541000 21.300000
33.541000 21.442857
33.541000 21.585714
33.541000 21.728571
33.541000 21.871429
33.541000 22.014286
33.541000 22.157143
33.541000 22.300000
33.541000 22.442857
33.541000 22.585714
33.541000 22.728571
33.541000 22.871429
33.541000 23.014286
33.541000 23.157143
33.541000 23.300000
33.541000 23.442857
33.541000 23.585714
33.541000 23.728571
33.541000 23.871429
33.541000 24.014286
33.541000 24.157143
33.541000 24.300000
33.398143 24.300000
33.255286 24.300000
33.112429 24.300000
32.969571 24.300000
32.826714 24.300000
32.683857 24.300000
32.541000 24.300000
32.398143 24.300000
32.255286 24.300000
32.112429 24.300000
31.969571 24.300000
31.826714 24.300000
31.683857 24.300000
31.541000 24.300000
31.541000 24.157143
31.541000 24.014286
31.541000 23.871429
31.541000 23.728571
31.541000 23.585714
31.541000 23.442857
31.541000 23.300000
31.541000 23.157143
31.541000 23.014286
31.541000 22.871429
31.541000 22.728571
31.541000 22.585714
31.541000 22.442857
31.541000 22.300000
31.541000 22.157143
31.541000 22.014286
31.541000 21.871429
31.541000 21.728571
31.541000 21.585714
31.541000 21.442857
31.541000 21.300000
31.541000 21.157143
31.541000 21.014286
31.541000 20.871429
31.541000 20.728571
31.541000 20.585714
31.541000 20.442857
31.541000 20.300000
31.541000 20.157143
31.541000 20.014286
31.541000 19.871429
31.541000 19.728571
31.541000 19.585714
31.541000 19.442857
31.541000 19.300000
31.541000 19.157143
31.541000 19.014286
31.541000 18.871429
31.541000 18.728571
31.541000 18.585714
31.541000 18.442857
31.541000 18.300000
31.541000 18.157143
31.541000 18.014286
31.541000 17.871429
31.541000 17.728571
31.541000 17.585714
31.541000 17.442857
31.541000 17.300000
31.541000 17.157143
31.541000 17.014286
31.541000 16.871429
31.541000 16.728571
31.541000 16.585714
31.541000 16.442857
31.541000 16.300000
31.541000 16.157143
31.541000 16.014286
31.541000 15.871429
31.541000 15.728571
31.541000 15.585714
31.541000 15.442857
31.541000 15.300000
31.541000 15.157143
31.541000 15.014286
31.541000 14.871429
31.541000 14.728571
31.541000 14.585714
31.541000 14.442857
31.541000 14.300000
31.826714 14.300000
32.112429 14.300000
32.398143 14.300000
32.683857 14.300000
32.969571 14.300000
33.255286 14.300000
33.541000 14.300000
33.541000 14.442857
33.541000 14.585714
33.541000 14.728571
33.541000 14.871429
33.541000 15.014286
33.541000 15.157143
33.541000 15.300000
33.541000 15.442857
33.541000 15.585714
33.541000 15.728571
33.541000 15.871429
33.541000 16.014286
33.541000 16.157143
33.541000 16.300000
33.541000 16.442857
33.541000 16.585714
33.541000 16.728571
33.541000 16.871429
33.541000 17.014286
33.541000 17.157143
33.541000 17.300000
33.541000 17.442857
33.541000 17.585714
33.541000 17.728571
33.541000 17.871429
33.541000 18.014286
33.541000 18.157143
33.541000 18.300000
33.541000 18.442857
33.541000 18.585714
33.541000 18.728571
33.541000 18.871429
33.541000 19.014286
33.541000 19.157143
35.870000 19.300000
35.870000 19.442857
35.870000 19.585714
35.870000 19.728571
35.870000 19.871429
35.870000 20.014286
35.870000 20.157143
35.870000 20.300000
35.870000 20.442857
35.870000 20.585714
35.870000 20.728571
35.870000 20.871429
35.870000 21.014286
35.870000 21.157143
35.870000 21.300000
35.870000 21.442857
35.870000 21.585714
35.870000 21.728571
35.870000 21.871429
35.870000 22.014286
35.870000 22.157143
35.870000 22.300000
35.870000 22.442857
35.870000 22.585714
35.870000 22.728571
35.870000 22.871429
35.870000 23.014286
35.870000 23.157143
35.870000 23.300000
35.870000 23.442857
35.870000 23.585714
35.870000 23.728571
35.870000 23.871429
35.870000 24.014286
35.870000 24.157143
35.870000 24.300000
35.727143 24.300000
35.584286 24.300000
35.441429 24.300000
35.298571 24.300000
35.155714 24.300000
35.012857 24.300000
34.870000 24.300000
34.727143 24.300000
34.584286 24.300000
34.441429 24.300000
34.298571 24.300000
34.155714 24.300000
34.012857 24.300000
33.870000 24.300000
33.870000 24.157143
33.870000 24.014286
33.870000 23.871429
33.870000 23.728571
33.870000 23.585714
33.870000 23.442857
33.870000 23.300000
33.870000 23.157143
33.870000 23.014286
33.870000 22.871429
33.870000 22.728571
33.870000 22.585714
33.870000 22.442857
33.870000 22.300000
33.870000 22.157143
33.870000 22.014286
33.870000 21.871429
33.870000 21.728571
33.870000 21.585714
33.870000 21.442857
33.870000 21.300000
33.870000 21.157143
33.870000 21.014286
33.870000 20.871429
33.870000 20.728571
33.870000 20.585714
33.870000 20.442857
33.870000 20.300000
33.870000 20.157143
33.870000 20.014286
33.870000 19.871429
33.870000 19.728571
33.870000 19.585714
33.870000 19.442857
33.870000 19.300000
33.870000 19.157143
33.870000 19.014286
33.870000 18.871429
33.870000 18.728571
33.870000 18.585714
33.870000 18.442857
33.870000 18.300000
33.870000 18.157143
33.870000 18.014286
33.870000 17.871429
33.870000 17.728571
33.870000 17.585714
33.870000 17.442857
33.870000 17.300000
33.870000 17.157143
33.870000 17.014286
33.870000 16.871429
33.870000 16.728571
33.870000 16.585714
33.870000 16.442857
33.870000 16.300000
33.870000 16.157143
33.870000 16.014286
33.870000 15.871429
33.870000 15.728571
33.870000 15.585714
33.870000 15.442857
33.870000 15.300000
33.870000 15.157143
33.870000 15.014286
33.870000 14.871429
33.870000 14.728571
33.870000 14.585714
33.870000 14.442857
33.870000 14.300000
34.155714 14.300000
34.441429 14.300000
34.727143 14.300000
35.012857 14.300000
35.298571 14.300000
35.584286 14.300000
35.870000 14.300000
35.870000 14.442857
35.870000 14.585714
35.870000 14.728571
35.870000 14.871429
35.870000 15.014286
35.870000 15.157143
35.870000 15.300000
35.870000 15.442857
35.870000 15.585714
35.870000 15.728571
35.870000 15.871429
35.870000 16.014286
35.870000 16.157143
35.870000 16.300000
35.870000 16.442857
35.870000 16.585714
35.870000 16.728571
35.870000 16.871429
35.870000 17.014286
35.870000 17.157143
35.870000 17.300000
35.870000 17.442857
35.870000 17.585714
35.870000 17.728571
35.870000 17.871429
35.870000 18.014286
35.870000 18.157143
35.870000 18.300000
35.870000 18.442857
35.870000 18.585714
35.870000 18.728571
35.870000 18.871429
35.870000 19.014286
35.870000 19.157143
38.199000 19.300000
38.199000 19.442857
38.199000 19.585714
38.199000 19.728571
38.199000 19.871429
38.199000 20.014286
38.199000 20.157143
38.199000 20.300000
38.199000 20.442857
38.199000 20.585714
38.199000 20.728571
38.199000 20.871429
38.199000 21.014286
38.199000 21.157143
38.199000 21.300000
38.199000 21.442857
38.199000 21.585714
38.199000 21.728571
38.199000 21.871429
38.199000 22.014286
38.199000 22.157143
38.199000 22.300000
38.199000 22.442857
38.199000 22.585714
38.199000 22.728571
38.199000 22.871429
38.199000 23.014286
38.199000 23.157143
38.199000 23.300000
38.199000 23.442857
38.199000 23.585714
38.199000 23.728571
38.199000 23.871429
38.199000 24.014286
38.199000 24.157143
38.199000 24.300000
38.056143 24.300000
37.913286 24.300000
37.770429 24.300000
37.627571 24.300000
37.484714 24.300000
37.341857 24.300000
37.199000 24.300000
37.056143 24.300000
36.913286 24.300000
36.770429 24.300000
36.627571 24.300000
36.484714 24.300000
36.341857 24.300000
36.199000 24.300000
36.199000 24.157143
36.199000 24.014286
36.199000 23.871429
36.199000 23.728571
36.199000 23.585714
36.199000 23.442857
36.199000 23.300000
36.199000 23.157143
36.199000 23.014286
36.199000 22.871429
36.199000 22.728571
36.199000 22.585714
36.199000 22.442857
36.199000 22.300000
36.199000 22.157143
36.199000 22.014286
36.199000 21.871429
36.199000 21.728571
36.199000 21.585714
36.199000 21.442857
36.199000 21.300000
36.199000 21.157143
36.199000 21.014286
36.199000 20.871429
36.199000 20.728571
36.199000 20.585714
36.199000 20.442857
36.199000 20.300000
36.199000 20.157143
36.199000 20.014286
36.199000 19.871429
36.199000 19.728571
36.199000 19.585714
36.199000 19.442857
36.199000 19.300000
36.199000 19.157143
36.199000 19.014286
36.199000 18.871429
36.199000 18.728571
36.199000 18.585714
36.199000 18.442857
36.199000 18.300000
36.199000 18.157143
36.199000 18.014286
36.199000 17.871429
36.199000 17.728571
36.199000 17.585714
36.199000 17.442857
36.199000 17.300000
36.199000 17.157143
36.199000 17.014286
36.199000 16.871429
36.199000 16.728571
36.199000 16.585714
36.199000 16.442857
36.199000 16.300000
36.199000 16.157143
36.199000 16.014286
36.199000 15.871429
36.199000 15.728571
36.199000 15.585714
36.199000 15.442857
36.199000 15.300000
36.199000 15.157143
36.199000 15.014286
36.199000 14.871429
36.199000 14.728571
36.199000 14.585714
36.199000 14.442857
36.199000 14.300000
36.484714 14.300000
36.770429 14.300000
37.056143 14.300000
37.341857 14.300000
37.627571 14.300000
37.913286 14.300000
38.199000 14.300000
38.199000 14.442857
38.199000 14.585714
38.199000 14.728571
38.199000 14.871429
38.199000 15.014286
38.199000 15.157143
38.199000 15.300000
38.199000 15.442857
38.199000 15.585714
38.199000 15.728571
38.199000 15.871429
38.199000 16.014286
38.199000 16.157143
38.199000 16.300000
38.199000 16.442857
38.199000 16.585714
38.199000 16.728571
38.199000 16.871429
38.199000 17.014286
38.199000 17.157143
38.199000 17.300000
38.199000 17.442857
38.199000 17.585714
38.199000 17.728571
38.199000 17.871429
38.199000 18.014286
38.199000 18.157143
38.199000 18.300000
38.199000 18.442857
38.199000 18.585714
38.199000 18.728571
38.199000 18.871429
38.199000 19.014286
38.199000 19.157143
40.528000 19.300000
40.528000 19.442857
40.528000 19.585714
40.528000 19.728571
40.528000 19.871429
40.528000 20.014286
40.528000 20.157143
40.528000 20.300000
40.528000 20.442857
40.528000 20.585714
40.528000 20.728571
40.528000 20.871429
40.528000 21.014286
40.528000 21.157143
40.528000 21.300000
40.528000 21.442857
40.528000 21.585714
40.528000 21.728571
40.528000 21.871429
40.528000 22.014286
40.528000 22.157143
40.528000 22.300000
40.528000 22.442857
40.528000 22.585714
40.528000 22.728571
40.528000 22.871429
40.528000 23.014286
40.528000 23.157143
40.528000 23.300000
40.528000 23.442857
40.528000 23.585714
40.528000 23.728571
40.528000 23.871429
40.528000 24.014286
40.528000 24.157143
40.528000 24.300000
40.385143 24.300000
40.242286 24.300000
40.099429 24.300000
39.956571 24.300000
39.813714 24.300000
39.670857 24.300000
39.528000 24.300000
39.385143 24.300000
39.242286 24.300000
39.099429 24.300000
38.956571 24.300000
38.813714 24.300000
38.670857 24.300000
38.528000 24.300000
38.528000 24.157143
38.528000 24.014286
38.528000 23.871429
38.528000 23.728571
38.528000 23.585714
38.528000 23.442857
38.528000 23.300000
38.528000 23.157143
38.528000 23.014286
38.528000 22.871429
38.528000 22.728571
38.528000 22.585714
38.528000 22.442857
38.528000 22.300000
38.528000 22.157143
38.528000 22.014286
38.528000 21.871429
38.528000 21.728571
38.528000 21.585714
38.528000 21.442857
38.528000 21.300000
38.528000 21.157143
38.528000 21.014286
38.528000 20.871429
38.528000 20.728571
38.528000 20.585714
38.528000 20.442857
38.528000 20.300000
38.528000 20.157143
38.528000 20.014286
38.528000 19.871429
38.528000 19.728571
38.528000 19.585714
38.528000 19.442857
38.528000 19.300000
38.528000 19.157143
38.528000 19.014286
38.528000 18.871429
38.528000 18.728571
38.528000 18.585714
38.528000 18.442857
38.528000 18.300000
38.528000 18.157143
38.528000 18.014286
38.528000 17.871429
38.528000 17.728571
38.528000 17.585714
38.528000 17.442857
38.528000 17.300000
38.528000 17.157143
38.528000 17.014286
38.528000 16.871429
38.528000 16.728571
38.528000 16.585714
38.528000 16.442857
38.528000 16.300000
38.528000 16.157143
38.528000 16.014286
38.528000 15.871429
38.528000 15.728571
38.528000 15.585714
38.528000 15.442857
38.528000 15.300000
38.528000 15.157143
38.528000 15.014286
38.528000 14.871429
38.528000 14.728571
38.528000 14.585714
38.528000 14.442857
38.528000 14.300000
38.813714 14.300000
39.099429 14.300000
39.385143 14.300000
39.670857 14.300000
39.956571 14.300000
40.242286 14.300000
40.528000 14.300000
40.528000 14.442857
40.528000 14.585714
40.528000 14.728571
40.528000 14.871429
40.528000 15.014286
40.528000 15.157143
40.528000 15.300000
40.528000 15.442857
40.528000 15.585714
40.528000 15.728571
40.528000 15.871429
40.528000 16.014286
40.528000 16.157143
40.528000 16.300000
40.528000 16.442857
40.528000 16.585714
40.528000 16.728571
40.528000 16.871429
40.528000 17.014286
40.528000 17.157143
40.528000 17.300000
40.528000 17.442857
40.528000 17.585714
40.528000 17.728571
40.528000 17.871429
40.528000 18.014286
40.528000 18.157143
40.528000 18.300000
40.528000 18.442857
40.528000 18.585714
40.528000 18.728571
40.528000 18.871429
40.528000 19.014286
40.528000 19.157143
42.857000 19.300000
42.857000 19.442857
42.857000 19.585714
42.857000 19.728571
42.857000 19.871429
42.857000 20.014286
42.857000 20.157143
42.857000 20.300000
42.857000 20.442857
42.857000 20.585714
42.857000 20.728571
42.857000 20.871429
42.857000 21.014286
42.857000 21.157143
42.857000 21.300000
42.857000 21.442857
42.857000 21.585714
42.857000 21.728571
42.857000 21.871429
42.857000 22.014286
42.857000 22.157143
42.857000 22.300000
42.857000 22.442857
42.857000 22.585714
42.857000 22.728571
42.857000 22.871429
42.857000 23.014286
42.857000 23.157143
42.857000 23.300000
42.857000 23.442857
42.857000 23.585714
42.857000 23.728571
42.857000 23.871429
42.857000 24.014286
42.857000 24.157143
42.857000 24.300000
42.714143 24.300000
42.571286 24.300000
42.428429 24.300000
42.285571 24.300000
42.142714 24.300000
41.999857 24.300000
41.857000 24.300000
41.714143 24.300000
41.571286 24.300000
41.428429 24.300000
41.285571 24.300000
41.142714 24.300000
40.999857 24.300000
40.857000 24.300000
40.857000 24.157143
40.857000 24.014286
40.857000 23.871429
40.857000 23.728571
40.857000 23.585714
40.857000 23.442857
40.857000 23.300000
40.857000 23.157143
40.857000 23.014286
40.857000 22.871429
40.857000 22.728571
40.857000 22.585714
40.857000 22.442857
40.857000 22.300000
40.857000 22.157143
40.857000 22.014286
40.857000 21.871429
40.857000 21.728571
40.857000 21.585714
40.857000 21.442857
40.857000 21.300000
40.857000 21.157143
40.857000 21.014286
40.857000 20.871429
40.857000 20.728571
40.857000 20.585714
40.857000 20.442857
40.857000 20.300000
40.857000 20.157143
40.857000 20.014286
40.857000 19.871429
40.857000 19.728571
40.857000 19.585714
40.857000 19.442857
40.857000 19.300000
40.857000 19.157143
40.857000 19.014286
40.857000 18.871429
40.857000 18.728571
40.857000 18.585714
40.857000 18.442857
40.857000 18.300000
40.857000 18.157143
40.857000 18.014286
40.857000 17.871429
40.857000 17.728571
40.857000 17.585714
40.857000 17.442857
40.857000 17.300000
40.857000 17.157143
40.857000 17.014286
40.857000 16.871429
40.857000 16.728571
40.857000 16.585714
40.857000 16.442857
40.857000 16.300000
40.857000 16.157143
40.857000 16.014286
40.857000 15.871429
40.857000 15.728571
40.857000 15.585714
40.857000 15.442857
40.857000 15.300000
40.857000 15.157143
40.857000 15.014286
40.857000 14.871429
40.857000 14.728571
40.857000 14.585714
40.857000 14.442857
40.857000 14.300000
41.142714 14.300000
41.428429 14.300000
41.714143 14.300000
41.999857 14.300000
42.285571 14.300000
42.571286 14.300000
42.857000 14.300000
42.857000 14.442857
42.857000 14.585714
42.857000 14.728571
42.857000 14.871429
42.857000 15.014286
42.857000 15.157143
42.857000 15.300000
42.857000 15.442857
42.857000 15.585714
42.857000 15.728571
42.857000 15.871429
42.857000 16.014286
42.857000 16.157143
42.857000 16.300000
42.857000 16.442857
42.857000 16.585714
42.857000 16.728571
42.857000 16.871429
42.857000 17.014286
42.857000 17.157143
42.857000 17.300000
42.857000 17.442857
42.857000 17.585714
42.857000 17.728571
42.857000 17.871429
42.857000 18.014286
42.857000 18.157143
42.857000 18.300000
42.857000 18.442857
42.857000 18.585714
42.857000 18.728571
42.857000 18.871429
42.857000 19.014286
42.857000 19.157143
45.186000 19.300000
45.186000 19.442857
45.186000 19.585714
45.186000 19.728571
45.186000 19.871429
45.186000 20.014286
45.186000 20.157143
45.186000 20.300000
45.186000 20.442857
45.186000 20.585714
45.186000 20.728571
45.186000 20.871429
45.186000 21.014286
45.186000 21.157143
45.186000 21.300000
45.186000 21.442857
45.186000 21.585714
45.186000 21.728571
45.186000 21.871429
45.186000 22.014286
45.186000 22.157143
45.186000 22.300000
45.186000 22.442857
45.186000 22.585714
45.186000 22.728571
45.186000 22.871429
45.186000 23.014286
45.186000 23.157143
45.186000 23.300000
45.186000 23.442857
45.186000 23.585714
45.186000 23.728571
45.186000 23.871429
45.186000 24.014286
45.186000 24.157143
45.186000 24.300000
45.043143 24.300000
44.900286 24.300000
44.757429 24.300000
44.614571 24.300000
44.471714 24.300000
44.328857 24.300000
44.186000 24.300000
44.043143 24.300000
43.900286 24.300000
43.757429 24.300000
43.614571 24.300000
43.471714 24.300000
43.328857 24.300000
43.186000 24.300000
43.186000 24.157143
43.186000 24.014286
43.186000 23.871429
43.186000 23.728571
43.186000 23.585714
43.186000 23.442857
43.186000 23.300000
43.186000 23.157143
43.186000 23.014286
43.186000 22.871429
43.186000 22.728571
43.186000 22.585714
43.186000 22.442857
43.186000 22.300000
43.186000 22.157143
43.186000 22.014286
43.186000 21.871429
43.186000 21.728571
43.186000 21.585714
43.186000 21.442857
43.186000 21.300000
43.186000 21.157143
43.186000 21.014286
43.186000 20.871429
43.186000 20.728571
43.186000 20.585714
43.186000 20.442857
43.186000 20.300000
43.186000 20.157143
43.186000 20.014286
43.186000 19.871429
43.186000 19.728571
43.186000 19.585714
43.186000 19.442857
43.186000 19.300000
43.186000 19.157143
43.186000 19.014286
43.186000 18.871429
43.186000 18.728571
43.186000 18.585714
43.186000 18.442857
43.186000 18.300000
43.186000 18.157143
43.186000 18.014286
43.186000 17.871429
43.186000 17.728571
43.186000 17.585714
43.186000 17.442857
43.186000 17.300000
43.186000 17.157143
43.186000 17.014286
43.186000 16.871429
43.186000 16.728571
43.186000 16.585714
43.186000 16.442857
43.186000 16.300000
43.186000 16.157143
43.186000 16.014286
43.186000 15.871429
43.186000 15.728571
43.186000 15.585714
43.186000 15.442857
43.186000 15.300000
43.186000 15.157143
43.186000 15.014286
43.186000 14.871429
43.186000 14.728571
43.186000 14.585714
43.186000 14.442857
43.186000 14.300000
43.471714 14.300000
43.757429 14.300000
44.043143 14.300000
44.328857 14.300000
44.614571 14.300000
44.900286 14.300000
45.186000 14.300000
45.186000 14.442857
45.186000 14.585714
45.186000 14.728571
45.186000 14.871429
45.186000 15.014286
45.186000 15.157143
45.186000 15.300000
45.186000 15.442857
45.186000 15.585714
45.186000 15.728571
45.186000 15.871429
45.186000 16.014286
45.186000 16.157143
45.186000 16.300000
45.186000 16.442857
45.186000 16.585714
45.186000 16.728571
45.186000 16.871429
45.186000 17.014286
45.186000 17.157143
45.186000 17.300000
45.186000 17.442857
45.186000 17.585714
45.186000 17.728571
45.186000 17.871429
45.186000 18.014286
45.186000 18.157143
45.186000 18.300000
45.186000 18.442857
45.186000 18.585714
45.186000 18.728571
45.186000 18.871429
45.186000 19.014286
45.186000 19.157143
47.515000 19.300000
47.515000 19.442857
47.515000 19.585714
47.515000 19.728571
47.515000 19.871429
47.515000 20.014286
47.515000 20.157143
47.515000 20.300000
47.515000 20.442857
47.515000 20.585714
47.515000 20.728571
47.515000 20.871429
47.515000 21.014286
47.515000 21.157143
47.515000 21.300000
47.515000 21.442857
47.515000 21.585714
47.515000 21.728571
47.515000 21.871429
47.515000 22.014286
47.515000 22.157143
47.515000 22.300000
47.515000 22.442857
47.515000 22.585714
47.515000 22.728571
47.515000 22.871429
47.515000 23.014286
47.515000 23.157143
47.515000 23.300000
47.515000 23.442857
47.515000 23.585714
47.515000 23.728571
47.515000 23.871429
47.515000 24.014286
47.515000 24.157143
47.515000 24.300000
47.372143 24.300000
47.229286 24.300000
47.086429 24.300000
46.943571 24.300000
46.800714 24.300000
46.657857 24.300000
46.515000 24.300000
46.372143 24.300000
46.229286 24.300000
46.086429 24.300000
45.943571 24.300000
45.800714 24.300000
45.657857 24.300000
45.515000 24.300000
45.515000 24.157143
45.515000 24.014286
45.515000 23.871429
45.515000 23.728571
45.515000 23.585714
45.515000 23.442857
45.515000 23.300000
45.515000 23.157143
45.515000 23.014286
45.515000 22.871429
45.515000 22.728571
45.515000 22.585714
45.515000 22.442857
45.515000 22.300000
45.515000 22.157143
45.515000 22.014286
45.515000 21.871429
45.515000 21.728571
45.515000 21.585714
45.515000 21.442857
45.515000 21.300000
45.515000 21.157143
45.515000 21.014286
45.515000 20.871429
45.515000 20.728571
45.515000 20.585714
45.515000 20.442857
45.515000 20.300000
45.515000 20.157143
45.515000 20.014286
45.515000 19.871429
45.515000 19.728571
45.515000 19.585714
45.515000 19.442857
45.515000 19.300000
45.515000 19.157143
45.515000 19.014286
45.515000 18.871429
45.515000 18.728571
45.515000 18.585714
45.515000 18.442857
45.515000 18.300000
45.515000 18.157143
45.515000 18.014286
45.515000 17.871429
45.515000 17.728571
45.515000 17.585714
45.515000 17.442857
45.515000 17.300000
45.515000 17.157143
45.515000 17.014286
45.515000 16.871429
45.515000 16.728571
45.515000 16.585714
45.515000 16.442857
45.515000 16.300000
45.515000 16.157143
45.515000 16.014286
45.515000 15.871429
45.515000 15.728571
45.515000 15.585714
45.515000 15.442857
45.515000 15.300000
45.515000 15.157143
45.515000 15.014286
45.515000 14.871429
45.515000 14.728571
45.515000 14.585714
45.515000 14.442857
45.515000 14.300000
45.800714 14.300000
46.086429 14.300000
46.372143 14.300000
46.657857 14.300000
46.943571 14.300000
47.229286 14.300000
47.515000 14.300000
47.515000 14.442857
47.515000 14.585714
47.515000 14.728571
47.515000 14.871429
47.515000 15.014286
47.515000 15.157143
47.515000 15.300000
47.515000 15.442857
47.515000 15.585714
47.515000 15.728571
47.515000 15.871429
47.515000 16.014286
47.515000 16.157143
47.515000 16.300000
47.515000 16.442857
47.515000 16.585714
47.515000 16.728571
47.515000 16.871429
47.515000 17.014286
47.515000 17.157143
47.515000 17.300000
47.515000 17.442857
47.515000 17.585714
47.515000 17.728571
47.515000 17.871429
47.515000 18.014286
47.515000 18.157143
47.515000 18.300000
47.515000 18.442857
47.515000 18.585714
47.515000 18.728571
47.515000 18.871429
47.515000 19.014286
47.515000 19.157143
49.844000 19.300000
49.844000 19.442857
49.844000 19.585714
49.844000 19.728571
49.844000 19.871429
49.844000 20.014286
49.844000 20.157143
49.844000 20.300000
49.844000 20.442857
49.844000 20.585714
49.844000 20.728571
49.844000 20.871429
49.844000 21.014286
49.844000 21.157143
49.844000 21.300000
49.844000 21.442857
49.844000 21.585714
49.844000 21.728571
49.844000 21.871429
49.844000 22.014286
49.844000 22.157143
49.844000 22.300000
49.844000 22.442857
49.844000 22.585714
49.844000 22.728571
49.844000 22.871429
49.844000 23.014286
49.844000 23.157143
49.844000 23.300000
49.844000 23.442857
49.844000 23.585714
49.844000 23.728571
49.844000 23.871429
49.844000 24.014286
49.844000 24.157143
49.844000 24.300000
49.701143 24.300000
49.558286 24.300000
49.415429 24.300000
49.272571 24.300000
49.129714 24.300000
48.986857 24.300000
48.844000 24.300000
48.701143 24.300000
48.558286 24.300000
48.415429 24.300000
48.272571 24.300000
48.129714 24.300000
47.986857 24.300000
47.844000 24.300000
47.844000 24.157143
47.844000 24.014286
47.844000 23.871429
47.844000 23.728571
47.844000 23.585714
47.844000 23.442857
47.844000 23.300000
47.844000 23.157143
47.844000 23.014286
47.844000 22.871429
47.844000 22.728571
47.844000 22.585714
47.844000 22.442857
47.844000 22.300000
47.844000 22.157143
47.844000 22.014286
47.844000 21.871429
47.844000 21.728571
47.844000 21.585714
47.844000 21.442857
47.844000 21.300000
47.844000 21.157143
47.844000 21.014286
47.844000 20.871429
47.844000 20.728571
47.844000 20.585714
47.844000 20.442857
47.844000 20.300000
47.844000 20.157143
47.844000 20.014286
47.844000 19.871429
47.844000 19.728571
47.844000 19.585714
47.844000 19.442857
47.844000 19.300000
47.844000 19.157143
47.844000 19.014286
47.844000 18.871429
47.844000 18.728571
47.844000 18.585714
47.844000 18.442857
47.844000 18.300000
47.844000 18.157143
47.844000 18.014286
47.844000 17.871429
47.844000 17.728571
47.844000 17.585714
47.844000 17.442857
47.844000 17.300000
47.844000 17.157143
47.844000 17.014286
47.844000 16.871429
47.844000 16.728571
47.844000 16.585714
47.844000 16.442857
47.844000 16.300000
47.844000 16.157143
47.844000 16.014286
47.844000 15.871429
47.844000 15.728571
47.844000 15.585714
47.844000 15.442857
47.844000 15.300000
47.844000 15.157143
47.844000 15.014286
47.844000 14.871429
47.844000 14.728571
47.844000 14.585714
47.844000 14.442857
47.844000 14.300000
48.129714 14.300000
48.415429 14.300000
48.701143 14.300000
48.986857 14.300000
49.272571 14.300000
49.558286 14.300000
49.844000 14.300000
49.844000 14.442857
49.844000 14.585714
49.844000 14.728571
49.844000 14.871429
49.844000 15.014286
49.844000 15.157143
49.844000 15.300000
49.844000 15.442857
49.844000 15.585714
49.844000 15.728571
49.844000 15.871429
49.844000 16.014286
49.844000 16.157143
49.844000 16.300000
49.844000 16.442857
49.844000 16.585714
49.844000 16.728571
49.844000 16.871429
49.844000 17.014286
49.844000 17.157143
49.844000 17.300000
49.844000 17.442857
49.844000 17.585714
49.844000 17.728571
49.844000 17.871429
49.844000 18.014286
49.844000 18.157143
49.844000 18.300000
49.844000 18.442857
49.844000 18.585714
49.844000 18.728571
49.844000 18.871429
49.844000 19.014286
49.844000 19.157143
52.173000 19.300000
52.173000 19.442857
52.173000 19.585714
52.173000 19.728571
52.173000 19.871429
52.173000 20.014286
52.173000 20.157143
52.173000 20.300000
52.173000 20.442857
52.173000 20.585714
52.173000 20.728571
52.173000 20.871429
52.173000 21.014286
52.173000 21.157143
52.173000 21.300000
52.173000 21.442857
52.173000 21.585714
52.173000 21.728571
52.173000 21.871429
52.173000 22.014286
52.173000 22.157143
52.173000 22.300000
52.173000 22.442857
52.173000 22.585714
52.173000 22.728571
52.173000 22.871429
52.173000 23.014286
52.173000 23.157143
52.173000 23.300000
52.173000 23.442857
52.173000 23.585714
52.173000 23.728571
52.173000 23.871429
52.173000 24.014286
52.173000 24.157143
52.173000 24.300000
52.030143 24.300000
51.887286 24.300000
51.744429 24.300000
51.601571 24.300000
51.458714 24.300000
51.315857 24.300000
51.173000 24.300000
51.030143 24.300000
50.887286 24.300000
50.744429 24.300000
50.601571 24.300000
50.458714 24.300000
50.315857 24.300000
50.173000 24.300000
50.173000 24.157143
50.173000 24.014286
50.173000 23.871429
50.173000 23.728571
50.173000 23.585714
50.173000 23.442857
50.173000 23.300000
50.173000 23.157143
50.173000 23.014286
50.173000 22.871429
50.173000 22.728571
50.173000 22.585714
50.173000 22.442857
50.173000 22.300000
50.173000 22.157143
50.173000 22.014286
50.173000 21.871429
50.173000 21.728571
50.173000 21.585714
50.173000 21.442857
50.173000 21.300000
50.173000 21.157143
50.173000 21.014286
50.173000 20.871429
50.173000 20.728571
50.173000 20.585714
50.173000 20.442857
50.173000 20.300000
50.173000 20.157143
50.173000 20.014286
50.173000 19.871429
50.173000 19.728571
50.173000 19.585714
50.173000 19.442857
50.173000 19.300000
50.173000 19.157143
50.173000 19.014286
50.173000 18.871429
50.173000 18.728571
50.173000 18.585714
50.173000 18.442857
50.173000 18.300000
50.173000 18.157143
50.173000 18.014286
50.173000 17.871429
50.173000 17.728571
50.173000 17.585714
50.173000 17.442857
50.173000 17.300000
50.173000 17.157143
50.173000 17.014286
50.173000 16.871429
50.173000 16.728571
50.173000 16.585714
50.173000 16.442857
50.173000 16.300000
50.173000 16.157143
50.173000 16.014286
50.173000 15.871429
50.173000 15.728571
50.173000 15.585714
50.173000 15.442857
50.173000 15.300000
50.173000 15.157143
50.173000 15.014286
50.173000 14.871429
50.173000 14.728571
50.173000 14.585714
50.173000 14.442857
50.173000 14.300000
50.458714 14.300000
50.744429 14.300000
51.030143 14.300000
51.315857 14.300000
51.601571 14.300000
51.887286 14.300000
52.173000 14.300000
52.173000 14.442857
52.173000 14.585714
52.173000 14.728571
52.173000 14.871429
52.173000 15.014286
52.173000 15.157143
52.173000 15.300000
52.173000 15.442857
52.173000 15.585714
52.173000 15.728571
52.173000 15.871429
52.173000 16.014286
52.173000 16.157143
52.173000 16.300000
52.173000 16.442857
52.173000 16.585714
52.173000 16.728571
52.173000 16.871429
52.173000 17.014286
52.173000 17.157143
52.173000 17.300000
52.173000 17.442857
52.173000 17.585714
52.173000 17.728571
52.173000 17.871429
52.173000 18.014286
52.173000 18.157143
52.173000 18.300000
52.173000 18.442857
52.173000 18.585714
52.173000 18.728571
52.173000 18.871429
52.173000 19.014286
52.173000 19.157143
54.502000 19.300000
54.502000 19.442857
54.502000 19.585714
54.502000 19.728571
54.502000 19.871429
54.502000 20.014286
54.502000 20.157143
54.502000 20.300000
54.502000 20.442857
54.502000 20.585714
54.502000 20.728571
54.502000 20.871429
54.502000 21.014286
54.502000 21.157143
54.502000 21.300000
54.502000 21.442857
54.502000 21.585714
54.502000 21.728571
54.502000 21.871429
54.502000 22.014286
54.502000 22.157143
54.502000 22.300000
54.502000 22.442857
54.502000 22.585714
54.502000 22.728571
54.502000 22.871429
54.502000 23.014286
54.502000 23.157143
54.502000 23.300000
54.502000 23.442857
54.502000 23.585714
54.502000 23.728571
54.502000 23.871429
54.502000 24.014286
54.502000 24.157143
54.502000 24.300000
54.359143 24.300000
54.216286 24.300000
54.073429 24.300000
53.930571 24.300000
53.787714 24.300000
53.644857 24.300000
53.502000 24.300000
53.359143 24.300000
53.216286 24.300000
53.073429 24.300000
52.930571 24.300000
52.787714 24.300000
52.644857 24.300000
52.502000 24.300000
52.502000 24.157143
52.502000 24.014286
52.502000 23.871429
52.502000 23.728571
52.502000 23.585714
52.502000 23.442857
52.502000 23.300000
52.502000 23.157143
52.502000 23.014286
52.502000 22.871429
52.502000 22.728571
52.502000 22.585714
52.502000 22.442857
52.502000 22.300000
52.502000 22.157143
52.502000 22.014286
52.502000 21.871429
52.502000 21.728571
52.502000 21.585714
52.502000 21.442857
52.502000 21.300000
52.502000 21.157143
52.502000 21.014286
52.502000 20.871429
52.502000 20.728571
52.502000 20.585714
52.502000 20.442857
52.502000 20.300000
52.502000 20.157143
52.502000 20.014286
52.502000 19.871429
52.502000 19.728571
52.502000 19.585714
52.502000 19.442857
52.502000 19.300000
52.502000 19.157143
52.502000 19.014286
52.502000 18.871429
52.502000 18.728571
52.502000 18.585714
52.502000 18.442857
52.502000 18.300000
52.502000 18.157143
52.502000 18.014286
52.502000 17.871429
52.502000 17.728571
52.502000 17.585714
52.502000 17.442857
52.502000 17.300000
52.502000 17.157143
52.502000 17.014286
52.502000 16.871429
52.502000 16.728571
52.502000 16.585714
52.502000 16.442857
52.502000 16.300000
52.502000 16.157143
52.502000 16.014286
52.502000 15.871429
52.502000 15.728571
52.502000 15.585714
52.502000 15.442857
52.502000 15.300000
52.502000 15.157143
52.502000 15.014286
52.502000 14.871429
52.502000 14.728571
52.502000 14.585714
52.502000 14.442857
52.502000 14.300000
52.787714 14.300000
53.073429 14.300000
53.359143 14.300000
53.644857 14.300000
53.930571 14.300000
54.216286 14.300000
54.502000 14.300000
54.502000 14.442857
54.502000 14.585714
54.502000 14.728571
54.502000 14.871429
54.502000 15.014286
54.502000 15.157143
54.502000 15.300000
54.502000 15.442857
54.502000 15.585714
54.502000 15.728571
54.502000 15.871429
54.502000 16.014286
54.502000 16.157143
54.502000 16.300000
54.502000 16.442857
54.502000 16.585714
54.502000 16.728571
54.502000 16.871429
54.502000 17.014286
54.502000 17.157143
54.502000 17.300000
54.502000 17.442857
54.502000 17.585714
54.502000 17.728571
54.502000 17.871429
54.502000 18.014286
54.502000 18.157143
54.502000 18.300000
54.502000 18.442857
54.502000 18.585714
54.502000 18.728571
54.502000 18.871429
54.502000 19.014286
54.502000 19.157143
56.831000 19.300000
56.831000 19.442857
56.831000 19.585714
56.831000 19.728571
56.831000 19.871429
56.831000 20.014286
56.831000 20.157143
56.831000 20.300000
56.831000 20.442857
56.831000 20.585714
56.831000 20.728571
56.831000 20.871429
56.831000 21.014286
56.831000 21.157143
56.831000 21.300000
56.831000 21.442857
56.831000 21.585714
56.831000 21.728571
56.831000 21.871429
56.831000 22.014286
56.831000 22.157143
56.831000 22.300000
56.831000 22.442857
56.831000 22.585714
56.831000 22.728571
56.831000 22.871429
56.831000 23.014286
56.831000 23.157143
56.831000 23.300000
56.831000 23.442857
56.831000 23.585714
56.831000 23.728571
56.831000 23.871429
56.831000 24.014286
56.831000 24.157143
56.831000 24.300000
56.688143 24.300000
56.545286 24.300000
56.402429 24.300000
56.259571 24.300000
56.116714 24.300000
55.973857 24.300000
55.831000 24.300000
55.688143 24.300000
55.545286 24.300000
55.402429 24.300000
55.259571 24.300000
55.116714 24.300000
54.973857 24.300000
54.831000 24.300000
54.831000 24.157143
54.831000 24.014286
54.831000 23.871429
54.831000 23.728571
54.831000 23.585714
54.831000 23.442857
54.831000 23.300000
54.831000 23.157143
54.831000 23.014286
54.831000 22.871429
54.831000 22.728571
54.831000 22.585714
54.831000 22.442857
54.831000 22.300000
54.831000 22.157143
54.831000 22.014286
54.831000 21.871429
54.831000 21.728571
54.831000 21.585714
54.831000 21.442857
54.831000 21.300000
54.831000 21.157143
54.831000 21.014286
54.831000 20.871429
54.831000 20.728571
54.831000 20.585714
54.831000 20.442857
54.831000 20.300000
54.831000 20.157143
54.831000 20.014286
54.831000 19.871429
54.831000 19.728571
54.831000 19.585714
54.831000 19.442857
54.831000 19.300000
54.831000 19.157143
54.831000 19.014286
54.831000 18.871429
54.831000 18.728571
54.831000 18.585714
54.831000 18.442857
54.831000 18.300000
54.831000 18.157143
54.831000 18.014286
54.831000 17.871429
54.831000 17.728571
54.831000 17.585714
54.831000 17.442857
54.831000 17.300000
54.831000 17.157143
54.831000 17.014286
54.831000 16.871429
54.831000 16.728571
54.831000 16.585714
54.831000 16.442857
54.831000 16.300000
54.831000 16.157143
54.831000 16.014286
54.831000 15.871429
54.831000 15.728571
54.831000 15.585714
54.831000 15.442857
54.831000 15.300000
54.831000 15.157143
54.831000 15.014286
54.831000 14.871429
54.831000 14.728571
54.831000 14.585714
54.831000 14.442857
54.831000 14.300000
55.116714 14.300000
55.402429 14.300000
55.688143 14.300000
55.973857 14.300000
56.259571 14.300000
56.545286 14.300000
56.831000 14.300000
56.831000 14.442857
56.831000 14.585714
56.831000 14.728571
56.831000 14.871429
56.831000 15.014286
56.831000 15.157143
56.831000 15.300000
56.831000 15.442857
56.831000 15.585714
56.831000 15.728571
56.831000 15.871429
56.831000 16.014286
56.831000 16.157143
56.831000 16.300000
56.831000 16.442857
56.831000 16.585714
56.831000 16.728571
56.831000 16.871429
56.831000 17.014286
56.831000 17.157143
56.831000 17.300000
56.831000 17.442857
56.831000 17.585714
56.831000 17.728571
56.831000 17.871429
56.831000 18.014286
56.831000 18.157143
56.831000 18.300000
56.831000 18.442857
56.831000 18.585714
56.831000 18.728571
56.831000 18.871429
56.831000 19.014286
56.831000 19.157143
59.160000 19.300000
59.160000 19.442857
59.160000 19.585714
59.160000 19.728571
59.160000 19.871429
59.160000 20.014286
59.160000 20.157143
59.160000 20.300000
59.160000 20.442857
59.160000 20.585714
59.160000 20.728571
59.160000 20.871429
59.160000 21.014286
59.160000 21.157143
59.160000 21.300000
59.160000 21.442857
59.160000 21.585714
59.160000 21.728571
59.160000 21.871429
59.160000 22.014286
59.160000 22.157143
59.160000 22.300000
59.160000 22.442857
59.160000 22.585714
59.160000 22.728571
59.160000 22.871429
59.160000 23.014286
59.160000 23.157143
59.160000 23.300000
59.160000 23.442857
59.160000 23.585714
59.160000 23.728571
59.160000 23.871429
59.160000 24.014286
59.160000 24.157143
59.160000 24.300000
59.017143 24.300000
58.874286 24.300000
58.731429 24.300000
58.588571 24.300000
58.445714 24.300000
58.302857 24.300000
58.160000 24.300000
58.017143 24.300000
57.874286 24.300000
57.731429 24.300000
57.588571 24.300000
57.445714 24.300000
57.302857 24.300000
57.160000 24.300000
57.160000 24.157143
57.160000 24.014286
57.160000 23.871429
57.160000 23.728571
57.160000 23.585714
57.160000 23.442857
57.160000 23.300000
57.160000 23.157143
57.160000 23.014286
57.160000 22.871429
57.160000 22.728571
57.160000 22.585714
57.160000 22.442857
57.160000 22.300000
57.160000 22.157143
57.160000 22.014286
57.160000 21.871429
57.160000 21.728571
57.160000 21.585714
57.160000 21.442857
57.160000 21.300000
57.160000 21.157143
57.160000 21.014286
57.160000 20.871429
57.160000 20.728571
57.160000 20.585714
57.160000 20.442857
57.160000 20.300000
57.160000 20.157143
57.160000 20.014286
57.160000 19.871429
57.160000 19.728571
57.160000 19.585714
57.160000 19.442857
57.160000 19.300000
57.160000 19.157143
57.160000 19.014286
57.160000 18.871429
57.160000 18.728571
57.160000 18.585714
57.160000 18.442857
57.160000 18.300000
57.160000 18.157143
57.160000 18.014286
57.160000 17.871429
57.160000 17.728571
57.160000 17.585714
57.160000 17.442857
57.160000 17.300000
57.160000 17.157143
57.160000 17.014286
57.160000 16.871429
57.160000 16.728571
57.160000 16.585714
57.160000 16.442857
57.160000 16.300000
57.160000 16.157143
57.160000 16.014286
57.160000 15.871429
57.160000 15.728571
57.160000 15.585714
57.160000 15.442857
57.160000 15.300000
57.160000 15.157143
57.160000 15.014286
57.160000 14.871429
57.160000 14.728571
57.160000 14.585714
57.160000 14.442857
57.160000 14.300000
57.445714 14.300000
57.731429 14.300000
58.017143 14.300000
58.302857 14.300000
58.588571 14.300000
58.874286 14.300000
59.160000 14.300000
59.160000 14.442857
59.160000 14.585714
59.160000 14.728571
59.160000 14.871429
59.160000 15.014286
59.160000 15.157143
59.160000 15.300000
59.160000 15.442857
59.160000 15.585714
59.160000 15.728571
59.160000 15.871429
59.160000 16.014286
59.160000 16.157143
59.160000 16.300000
59.160000 16.442857
59.160000 16.585714
59.160000 16.728571
59.160000 16.871429
59.160000 17.014286
59.160000 17.157143
59.160000 17.300000
59.160000 17.442857
59.160000 17.585714
59.160000 17.728571
59.160000 17.871429
59.160000 18.014286
59.160000 18.157143
59.160000 18.300000
59.160000 18.442857
59.160000 18.585714
59.160000 18.728571
59.160000 18.871429
59.160000 19.014286
59.160000 19.157143
61.489000 19.300000
61.489000 19.442857
61.489000 19.585714
61.489000 19.728571
61.489000 19.871429
61.489000 20.014286
61.489000 20.157143
61.489000 20.300000
61.489000 20.442857
61.489000 20.585714
61.489000 20.728571
61.489000 20.871429
61.489000 21.014286
61.489000 21.157143
61.489000 21.300000
61.489000 21.442857
61.489000 21.585714
61.489000 21.728571
61.489000 21.871429
61.489000 22.014286
61.489000 22.157143
61.489000 22.300000
61.489000 22.442857
61.489000 22.585714
61.489000 22.728571
61.489000 22.871429
61.489000 23.014286
61.489000 23.157143
61.489000 23.300000
61.489000 23.442857
61.489000 23.585714
61.489000 23.728571
61.489000 23.871429
61.489000 24.014286
61.489000 24.157143
61.489000 24.300000
61.346143 24.300000
61.203286 24.300000
61.060429 24.300000
60.917571 24.300000
60.774714 24.300000
60.631857 24.300000
60.489000 24.300000
60.346143 24.300000
60.203286 24.300000
60.060429 24.300000
59.917571 24.300000
59.774714 24.300000
59.631857 24.300000
59.489000 24.300000
59.489000 24.157143
59.489000 24.014286
59.489000 23.871429
59.489000 23.728571
59.489000 23.585714
59.489000 23.442857
59.489000 23.300000
59.489000 23.157143
59.489000 23.014286
59.489000 22.871429
59.489000 22.728571
59.489000 22.585714
59.489000 22.442857
59.489000 22.300000
59.489000 22.157143
59.489000 22.014286
59.489000 21.871429
59.489000 21.728571
59.489000 21.585714
59.489000 21.442857
59.489000 21.300000
59.489000 21.157143
59.489000 21.014286
59.489000 20.871429
59.489000 20.728571
59.489000 20.585714
59.489000 20.442857
59.489000 20.300000
59.489000 20.157143
59.489000 20.014286
59.489000 19.871429
59.489000 19.728571
59.489000 19.585714
59.489000 19.442857
59.489000 19.300000
59.489000 19.157143
59.489000 19.014286
59.489000 18.871429
59.489000 18.728571
59.489000 18.585714
59.489000 18.442857
59.489000 18.300000
59.489000 18.157143
59.489000 18.014286
59.489000 17.871429
59.489000 17.728571
59.489000 17.585714
59.489000 17.442857
59.489000 17.300000
59.489000 17.157143
59.489000 17.014286
59.489000 16.871429
59.489000 16.728571
59.489000 16.585714
59.489000 16.442857
59.489000 16.300000
59.489000 16.157143
59.489000 16.014286
59.489000 15.871429
59.489000 15.728571
59.489000 15.585714
59.489000 15.442857
59.489000 15.300000
59.489000 15.157143
59.489000 15.014286
59.489000 14.871429
59.489000 14.728571
59.489000 14.585714
59.489000 14.442857
59.489000 14.300000
59.774714 14.300000
60.060429 14.300000
60.346143 14.300000
60.631857 14.300000
60.917571 14.300000
61.203286 14.300000
61.489000 14.300000
61.489000 14.442857
61.489000 14.585714
61.489000 14.728571
61.489000 14.871429
61.489000 15.014286
61.489000 15.157143
61.489000 15.300000
61.489000 15.442857
61.489000 15.585714
61.489000 15.728571
61.489000 15.871429
61.489000 16.014286
61.489000 16.157143
61.489000 16.300000
61.489000 16.442857
61.489000 16.585714
61.489000 16.728571
61.489000 16.871429
61.489000 17.014286
61.489000 17.157143
61.489000 17.300000
61.489000 17.442857
61.489000 17.585714
61.489000 17.728571
61.489000 17.871429
61.489000 18.014286
61.489000 18.157143
61.489000 18.300000
61.489000 18.442857
61.489000 18.585714
61.489000 18.728571
61.489000 18.871429
61.489000 19.014286
61.489000 19.157143
63.818000 19.300000
63.818000 19.442857
63.818000 19.585714
63.818000 19.728571
63.818000 19.871429
63.818000 20.014286
63.818000 20.157143
63.818000 20.300000
63.818000 20.442857
63.818000 20.585714
63.818000 20.728571
63.818000 20.871429
63.818000 21.014286
63.818000 21.157143
63.818000 21.300000
63.818000 21.442857
63.818000 21.585714
63.818000 21.728571
63.818000 21.871429
63.818000 22.014286
63.818000 22.157143
63.818000 22.300000
63.818000 22.442857
63.818000 22.585714
63.818000 22.728571
63.818000 22.871429
63.818000 23.014286
63.818000 23.157143
63.818000 23.300000
63.818000 23.442857
63.818000 23.585714
63.818000 23.728571
63.818000 23.871429
63.818000 24.014286
63.818000 24.157143
63.818000 24.300000
63.675143 24.300000
63.532286 24.300000
63.389429 24.300000
63.246571 24.300000
63.103714 24.300000
62.960857 24.300000
62.818000 24.300000
62.675143 24.300000
62.532286 24.300000
62.389429 24.300000
62.246571 24.300000
62.103714 24.300000
61.960857 24.300000
61.818000 24.300000
61.818000 24.157143
61.818000 24.014286
61.818000 23.871429
61.818000 23.728571
61.818000 23.585714
61.818000 23.442857
61.818000 23.300000
61.818000 23.157143
61.818000 23.014286
61.818000 22.871429
61.818000 22.728571
61.818000 22.585714
61.818000 22.442857
61.818000 22.300000
61.818000 22.157143
61.818000 22.014286
61.818000 21.871429
61.818000 21.728571
61.818000 21.585714
61.818000 21.442857
61.818000 21.300000
61.818000 21.157143
61.818000 21.014286
61.818000 20.871429
61.818000 20.728571
61.818000 20.585714
61.818000 20.442857
61.818000 20.300000
61.818000 20.157143
61.818000 20.014286
61.818000 19.871429
61.818000 19.728571
61.818000 19.585714
61.818000 19.442857
61.818000 19.300000
61.818000 19.157143
61.818000 19.014286
61.818000 18.871429
61.818000 18.728571
61.818000 18.585714
61.818000 18.442857
61.818000 18.300000
61.818000 18.157143
61.818000 18.014286
61.818000 17.871429
61.818000 17.728571
61.818000 17.585714
61.818000 17.442857
61.818000 17.300000
61.818000 17.157143
61.818000 17.014286
61.818000 16.871429
61.818000 16.728571
61.818000 16.585714
61.818000 16.442857
61.818000 16.300000
61.818000 16.157143
61.818000 16.014286
61.818000 15.871429
61.818000 15.728571
61.818000 15.585714
61.818000 15.442857
61.818000 15.300000
61.818000 15.157143
61.818000 15.014286
61.818000 14.871429
61.818000 14.728571
61.818000 14.585714
61.818000 14.442857
61.818000 14.300000
62.103714 14.300000
62.389429 14.300000
62.675143 14.300000
62.960857 14.300000
63.246571 14.300000
63.532286 14.300000
63.818000 14.300000
63.818000 14.442857
63.818000 14.585714
63.818000 14.728571
63.818000 14.871429
63.818000 15.014286
63.818000 15.157143
63.818000 15.300000
63.818000 15.442857
63.818000 15.585714
63.818000 15.728571
63.818000 15.871429
63.818000 16.014286
63.818000 16.157143
63.818000 16.300000
63.818000 16.442857
63.818000 16.585714
63.818000 16.728571
63.818000 16.871429
63.818000 17.014286
63.818000 17.157143
63.818000 17.300000
63.818000 17.442857
63.818000 17.585714
63.818000 17.728571
63.818000 17.871429
63.818000 18.014286
63.818000 18.157143
63.818000 18.300000
63.818000 18.442857
63.818000 18.585714
63.818000 18.728571
63.818000 18.871429
63.818000 19.014286
63.818000 19.157143
66.147000 19.300000
66.147000 19.442857
66.147000 19.585714
66.147000 19.728571
66.147000 19.871429
66.147000 20.014286
66.147000 20.157143
66.147000 20.300000
66.147000 20.442857
66.147000 20.585714
66.147000 20.728571
66.147000 20.871429
66.147000 21.014286
66.147000 21.157143
66.147000 21.300000
66.147000 21.442857
66.147000 21.585714
66.147000 21.728571
66.147000 21.871429
66.147000 22.014286
66.147000 22.157143
66.147000 22.300000
66.147000 22.442857
66.147000 22.585714
66.147000 22.728571
66.147000 22.871429
66.147000 23.014286
66.147000 23.157143
66.147000 23.300000
66.147000 23.442857
66.147000 23.585714
66.147000 23.728571
66.147000 23.871429
66.147000 24.014286
66.147000 24.157143
66.147000 24.300000
66.004143 24.300000
65.861286 24.300000
65.718429 24.300000
65.575571 24.300000
65.432714 24.300000
65.289857 24.300000
65.147000 24.300000
65.004143 24.300000
64.861286 24.300000
64.718429 24.300000
64.575571 24.300000
64.432714 24.300000
64.289857 24.300000
64.147000 24.300000
64.147000 24.157143
64.147000 24.014286
64.147000 23.871429
64.147000 23.728571
64.147000 23.585714
64.147000 23.442857
64.147000 23.300000
64.147000 23.157143
64.147000 23.014286
64.147000 22.871429
64.147000 22.728571
64.147000 22.585714
64.147000 22.442857
64.147000 22.300000
64.147000 22.157143
64.147000 22.014286
64.147000 21.871429
64.147000 21.728571
64.147000 21.585714
64.147000 21.442857
64.147000 21.300000
64.147000 21.157143
64.147000 21.014286
64.147000 20.871429
64.147000 20.728571
64.147000 20.585714
64.147000 20.442857
64.147000 20.300000
64.147000 20.157143
64.147000 20.014286
64.147000 19.871429
64.147000 19.728571
64.147000 19.585714
64.147000 19.442857
64.147000 19.300000
64.147000 19.157143
64.147000 19.014286
64.147000 18.871429
64.147000 18.728571
64.147000 18.585714
64.147000 18.442857
64.147000 18.300000
64.147000 18.157143
64.147000 18.014286
64.147000 17.871429
64.147000 17.728571
64.147000 17.585714
64.147000 17.442857
64.147000 17.300000
64.147000 17.157143
64.147000 17.014286
64.147000 16.871429
64.147000 16.728571
64.147000 16.585714
64.147000 16.442857
64.147000 16.300000
64.147000 16.157143
64.147000 16.014286
64.147000 15.871429
64.147000 15.728571
64.147000 15.585714
64.147000 15.442857
64.147000 15.300000
64.147000 15.157143
64.147000 15.014286
64.147000 14.871429
64.147000 14.728571
64.147000 14.585714
64.147000 14.442857
64.147000 14.300000
64.432714 14.300000
64.718429 14.300000
65.004143 14.300000
65.289857 14.300000
65.575571 14.300000
65.861286 14.300000
66.147000 14.300000
66.147000 14.442857
66.147000 14.585714
66.147000 14.728571
66.147000 14.871429
66.147000 15.014286
66.147000 15.157143
66.147000 15.300000
66.147000 15.442857
66.147000 15.585714
66.147000 15.728571
66.147000 15.871429
66.147000 16.014286
66.147000 16.157143
66.147000 16.300000
66.147000 16.442857
66.147000 16.585714
66.147000 16.728571
66.147000 16.871429
66.147000 17.014286
66.147000 17.157143
66.147000 17.300000
66.147000 17.442857
66.147000 17.585714
66.147000 17.728571
66.147000 17.871429
66.147000 18.014286
66.147000 18.157143
66.147000 18.300000
66.147000 18.442857
66.147000 18.585714
66.147000 18.728571
66.147000 18.871429
66.147000 19.014286
66.147000 19.157143
