45
-0.065 19.300 0.000 pouch
2.264 19.300 0.000 pouch
4.593 19.300 0.000 pouch
6.922 19.300 0.000 pouch
9.251 19.300 0.000 pouch
11.580 19.300 0.000 pouch
13.909 19.300 0.000 pouch
16.238 19.300 0.000 pouch
18.567 19.300 0.000 pouch
20.896 19.300 0.000 pouch
23.225 19.300 0.000 pouch
25.554 19.300 0.000 pouch
27.883 19.300 0.000 pouch
30.212 19.300 0.000 pouch
32.541 19.300 0.000 pouch
34.870 19.300 0.000 pouch
37.199 19.300 0.000 pouch
39.528 19.300 0.000 pouch
41.857 19.300 0.000 pouch
44.186 19.300 0.000 pouch
46.515 19.300 0.000 pouch
48.844 19.300 0.000 pouch
51.173 19.300 0.000 pouch
53.502 19.300 0.000 pouch
55.831 19.300 0.000 pouch
58.160 19.300 0.000 pouch
60.489 19.300 0.000 pouch
62.818 19.300 0.000 pouch
65.147 19.300 0.000 pouch
67.712 19.496 0.000 bc
69.712 20.949 0.000 bc
70.476 23.300 0.000 bc
69.712 25.651 0.000 bc
67.712 27.104 0.000 bc
60.683 27.300 0.000 peri
49.426 27.300 0.000 peri
38.169 27.300 0.000 peri
26.913 27.300 0.000 peri
15.656 27.300 0.000 peri
4.399 27.300 0.000 peri
-2.630 27.104 0.000 bc
-4.630 25.651 0.000 bc
-5.394 23.300 0.000 bc
-4.630 20.949 0.000 bc
-2.630 19.496 0.000 bc
