0 -0.0000 1.2500 0.0100 lateralA
0 -0.1389 1.2500 0.0100 lateralA
0 -0.2778 1.2500 0.0100 lateralA
0 -0.4167 1.2500 0.0100 lateralA
0 -0.5556 1.2500 0.0100 lateralA
0 -0.6944 1.2500 0.0100 lateralA
0 -0.8333 1.2500 0.0100 lateralA
0 -0.9722 1.2500 0.0100 lateralA
0 -1.1111 1.2500 0.0100 lateralA
0 -1.2500 1.2500 0.0100 lateralA
0 -1.3889 1.2500 0.0100 lateralA
0 -1.5278 1.2500 0.0100 lateralA
0 -1.6667 1.2500 0.0100 lateralA
0 -1.8056 1.2500 0.0100 lateralA
0 -1.9444 1.2500 0.0100 lateralA
0 -2.0833 1.2500 0.0100 lateralA
0 -2.2222 1.2500 0.0100 lateralA
0 -2.3611 1.2500 0.0100 lateralA
0 -2.5000 1.2500 0.0100 lateralA
0 -2.6389 1.2500 0.0100 lateralA
0 -2.7778 1.2500 0.0100 lateralA
0 -2.9167 1.2500 0.0100 lateralA
0 -3.0556 1.2500 0.0100 lateralA
0 -3.1944 1.2500 0.0100 lateralA
0 -3.3333 1.2500 0.0100 lateralA
0 -3.4722 1.2500 0.0100 lateralA
0 -3.6111 1.2500 0.0100 lateralA
0 -3.7500 1.2500 0.0100 lateralA
0 -3.8889 1.2500 0.0100 lateralA
0 -4.0278 1.2500 0.0100 lateralA
0 -4.1667 1.2500 0.0100 lateralA
0 -4.3056 1.2500 0.0100 lateralA
0 -4.4444 1.2500 0.0100 lateralA
0 -4.5833 1.2500 0.0100 lateralA
0 -4.7222 1.2500 0.0100 lateralA
0 -4.8611 1.2500 0.0100 lateralA
0 -5.0000 1.2500 0.0100 lateralA
0 -5.1389 1.2500 0.0100 lateralA
0 -5.2778 1.2500 0.0100 lateralA
0 -5.4167 1.2500 0.0100 lateralA
0 -5.5556 1.2500 0.0100 lateralA
0 -5.6944 1.2500 0.0100 lateralA
0 -5.8333 1.2500 0.0100 lateralA
0 -5.9722 1.2500 0.0100 lateralA
0 -6.1111 1.2500 0.0100 lateralA
0 -6.2500 1.2500 0.0100 lateralA
0 -6.3889 1.2500 0.0100 lateralA
0 -6.5278 1.2500 0.0100 lateralA
0 -6.6667 1.2500 0.0100 lateralA
0 -6.8056 1.2500 0.0100 lateralA
0 -6.9444 1.2500 0.0100 lateralA
0 -7.0833 1.2500 0.0100 lateralA
0 -7.2222 1.2500 0.0100 lateralA
0 -7.3611 1.2500 0.0100 lateralA
0 -7.5000 1.2500 0.0100 lateralA
0 -7.6389 1.2500 0.0100 lateralA
0 -7.7778 1.2500 0.0100 lateralA
0 -7.9167 1.2500 0.0100 lateralA
0 -8.0556 1.2500 0.0100 lateralA
0 -8.1944 1.2500 0.0100 lateralA
0 -8.3333 1.2500 0.0100 lateralA
0 -8.4722 1.2500 0.0100 lateralA
0 -8.6111 1.2500 0.0100 lateralA
0 -8.7500 1.2500 0.0100 lateralA
0 -8.8889 1.2500 0.0100 lateralA
0 -9.0278 1.2500 0.0100 lateralA
0 -9.1667 1.2500 0.0100 lateralA
0 -9.3056 1.2500 0.0100 lateralA
0 -9.4444 1.2500 0.0100 lateralA
0 -9.5833 1.2500 0.0100 lateralA
0 -9.7222 1.2500 0.0100 lateralA
0 -9.8611 1.2500 0.0100 lateralA
0 -10.0000 1.2500 0.0100 lateralA
0 -10.1389 1.2500 0.0100 lateralA
0 -10.2778 1.2500 0.0100 lateralA
0 -10.4167 1.2500 0.0100 lateralA
0 -10.5556 1.2500 0.0100 lateralA
0 -10.6944 1.2500 0.0100 lateralA
0 -10.8333 1.2500 0.0100 lateralA
0 -10.9722 1.2500 0.0100 lateralA
0 -11.1111 1.2500 0.0100 lateralA
0 -11.2500 1.2500 0.0100 lateralA
0 -11.3889 1.2500 0.0100 lateralA
0 -11.5278 1.2500 0.0100 lateralA
0 -11.6667 1.2500 0.0100 lateralA
0 -11.8056 1.2500 0.0100 lateralA
0 -11.9444 1.2500 0.0100 lateralA
0 -12.0833 1.2500 0.0100 lateralA
0 -12.2222 1.2500 0.0100 lateralA
0 -12.3611 1.2500 0.0100 lateralA
0 -12.5000 1.2500 0.0100 apical1
0 -12.5000 1.1111 0.0100 apical1
0 -12.5000 0.9722 0.0100 apical1
0 -12.5000 0.8333 0.0100 apical1
0 -12.5000 0.6944 0.0100 apical1
0 -12.5000 0.5556 0.0100 apical1
0 -12.5000 0.4167 0.0100 apical1
0 -12.5000 0.2778 0.0100 apical1
0 -12.5000 0.1389 0.0100 apical1
0 -12.5000 0.0000 0.0100 apical1
0 -12.5000 -0.1389 0.0100 apical1
0 -12.5000 -0.2778 0.0100 apical1
0 -12.5000 -0.4167 0.0100 apical1
0 -12.5000 -0.5556 0.0100 apical1
0 -12.5000 -0.6944 0.0100 apical1
0 -12.5000 -0.8333 0.0100 apical1
0 -12.5000 -0.9722 0.0100 apical1
0 -12.5000 -1.1111 0.0100 apical1
0 -12.5000 -1.2500 0.0100 lateralB
0 -12.3611 -1.2500 0.0100 lateralB
0 -12.2222 -1.2500 0.0100 lateralB
0 -12.0833 -1.2500 0.0100 lateralB
0 -11.9444 -1.2500 0.0100 lateralB
0 -11.8056 -1.2500 0.0100 lateralB
0 -11.6667 -1.2500 0.0100 lateralB
0 -11.5278 -1.2500 0.0100 lateralB
0 -11.3889 -1.2500 0.0100 lateralB
0 -11.2500 -1.2500 0.0100 lateralB
0 -11.1111 -1.2500 0.0100 lateralB
0 -10.9722 -1.2500 0.0100 lateralB
0 -10.8333 -1.2500 0.0100 lateralB
0 -10.6944 -1.2500 0.0100 lateralB
0 -10.5556 -1.2500 0.0100 lateralB
0 -10.4167 -1.2500 0.0100 lateralB
0 -10.2778 -1.2500 0.0100 lateralB
0 -10.1389 -1.2500 0.0100 lateralB
0 -10.0000 -1.2500 0.0100 lateralB
0 -9.8611 -1.2500 0.0100 lateralB
0 -9.7222 -1.2500 0.0100 lateralB
0 -9.5833 -1.2500 0.0100 lateralB
0 -9.4444 -1.2500 0.0100 lateralB
0 -9.3056 -1.2500 0.0100 lateralB
0 -9.1667 -1.2500 0.0100 lateralB
0 -9.0278 -1.2500 0.0100 lateralB
0 -8.8889 -1.2500 0.0100 lateralB
0 -8.7500 -1.2500 0.0100 lateralB
0 -8.6111 -1.2500 0.0100 lateralB
0 -8.4722 -1.2500 0.0100 lateralB
0 -8.3333 -1.2500 0.0100 lateralB
0 -8.1944 -1.2500 0.0100 lateralB
0 -8.0556 -1.2500 0.0100 lateralB
0 -7.9167 -1.2500 0.0100 lateralB
0 -7.7778 -1.2500 0.0100 lateralB
0 -7.6389 -1.2500 0.0100 lateralB
0 -7.5000 -1.2500 0.0100 lateralB
0 -7.3611 -1.2500 0.0100 lateralB
0 -7.2222 -1.2500 0.0100 lateralB
0 -7.0833 -1.2500 0.0100 lateralB
0 -6.9444 -1.2500 0.0100 lateralB
0 -6.8056 -1.2500 0.0100 lateralB
0 -6.6667 -1.2500 0.0100 lateralB
0 -6.5278 -1.2500 0.0100 lateralB
0 -6.3889 -1.2500 0.0100 lateralB
0 -6.2500 -1.2500 0.0100 lateralB
0 -6.1111 -1.2500 0.0100 lateralB
0 -5.9722 -1.2500 0.0100 lateralB
0 -5.8333 -1.2500 0.0100 lateralB
0 -5.6944 -1.2500 0.0100 lateralB
0 -5.5556 -1.2500 0.0100 lateralB
0 -5.4167 -1.2500 0.0100 lateralB
0 -5.2778 -1.2500 0.0100 lateralB
0 -5.1389 -1.2500 0.0100 lateralB
0 -5.0000 -1.2500 0.0100 lateralB
0 -4.8611 -1.2500 0.0100 lateralB
0 -4.7222 -1.2500 0.0100 lateralB
0 -4.5833 -1.2500 0.0100 lateralB
0 -4.4444 -1.2500 0.0100 lateralB
0 -4.3056 -1.2500 0.0100 lateralB
0 -4.1667 -1.2500 0.0100 lateralB
0 -4.0278 -1.2500 0.0100 lateralB
0 -3.8889 -1.2500 0.0100 lateralB
0 -3.7500 -1.2500 0.0100 lateralB
0 -3.6111 -1.2500 0.0100 lateralB
0 -3.4722 -1.2500 0.0100 lateralB
0 -3.3333 -1.2500 0.0100 lateralB
0 -3.1944 -1.2500 0.0100 lateralB
0 -3.0556 -1.2500 0.0100 lateralB
0 -2.9167 -1.2500 0.0100 lateralB
0 -2.7778 -1.2500 0.0100 lateralB
0 -2.6389 -1.2500 0.0100 lateralB
0 -2.5000 -1.2500 0.0100 lateralB
0 -2.3611 -1.2500 0.0100 lateralB
0 -2.2222 -1.2500 0.0100 lateralB
0 -2.0833 -1.2500 0.0100 lateralB
0 -1.9444 -1.2500 0.0100 lateralB
0 -1.8056 -1.2500 0.0100 lateralB
0 -1.6667 -1.2500 0.0100 lateralB
0 -1.5278 -1.2500 0.0100 lateralB
0 -1.3889 -1.2500 0.0100 lateralB
0 -1.2500 -1.2500 0.0100 lateralB
0 -1.1111 -1.2500 0.0100 lateralB
0 -0.9722 -1.2500 0.0100 lateralB
0 -0.8333 -1.2500 0.0100 lateralB
0 -0.6944 -1.2500 0.0100 lateralB
0 -0.5556 -1.2500 0.0100 lateralB
0 -0.4167 -1.2500 0.0100 lateralB
0 -0.2778 -1.2500 0.0100 lateralB
0 -0.1389 -1.2500 0.0100 lateralB
0 -0.0000 -1.2500 0.0100 lateralB
0 0.1389 -1.2500 0.0100 lateralB
0 0.2778 -1.2500 0.0100 lateralB
0 0.4167 -1.2500 0.0100 lateralB
0 0.5556 -1.2500 0.0100 lateralB
0 0.6944 -1.2500 0.0100 lateralB
0 0.8333 -1.2500 0.0100 lateralB
0 0.9722 -1.2500 0.0100 lateralB
0 1.1111 -1.2500 0.0100 lateralB
0 1.2500 -1.2500 0.0100 lateralB
0 1.3889 -1.2500 0.0100 lateralB
0 1.5278 -1.2500 0.0100 lateralB
0 1.6667 -1.2500 0.0100 lateralB
0 1.8056 -1.2500 0.0100 lateralB
0 1.9444 -1.2500 0.0100 lateralB
0 2.0833 -1.2500 0.0100 lateralB
0 2.2222 -1.2500 0.0100 lateralB
0 2.3611 -1.2500 0.0100 lateralB
0 2.5000 -1.2500 0.0100 lateralB
0 2.6389 -1.2500 0.0100 lateralB
0 2.7778 -1.2500 0.0100 lateralB
0 2.9167 -1.2500 0.0100 lateralB
0 3.0556 -1.2500 0.0100 lateralB
0 3.1944 -1.2500 0.0100 lateralB
0 3.3333 -1.2500 0.0100 lateralB
0 3.4722 -1.2500 0.0100 lateralB
0 3.6111 -1.2500 0.0100 lateralB
0 3.7500 -1.2500 0.0100 lateralB
0 3.8889 -1.2500 0.0100 lateralB
0 4.0278 -1.2500 0.0100 lateralB
0 4.1667 -1.2500 0.0100 lateralB
0 4.3056 -1.2500 0.0100 lateralB
0 4.4444 -1.2500 0.0100 lateralB
0 4.5833 -1.2500 0.0100 lateralB
0 4.7222 -1.2500 0.0100 lateralB
0 4.8611 -1.2500 0.0100 lateralB
0 5.0000 -1.2500 0.0100 lateralB
0 5.1389 -1.2500 0.0100 lateralB
0 5.2778 -1.2500 0.0100 lateralB
0 5.4167 -1.2500 0.0100 lateralB
0 5.5556 -1.2500 0.0100 lateralB
0 5.6944 -1.2500 0.0100 lateralB
0 5.8333 -1.2500 0.0100 lateralB
0 5.9722 -1.2500 0.0100 lateralB
0 6.1111 -1.2500 0.0100 lateralB
0 6.2500 -1.2500 0.0100 lateralB
0 6.3889 -1.2500 0.0100 lateralB
0 6.5278 -1.2500 0.0100 lateralB
0 6.6667 -1.2500 0.0100 lateralB
0 6.8056 -1.2500 0.0100 lateralB
0 6.9444 -1.2500 0.0100 lateralB
0 7.0833 -1.2500 0.0100 lateralB
0 7.2222 -1.2500 0.0100 lateralB
0 7.3611 -1.2500 0.0100 lateralB
0 7.5000 -1.2500 0.0100 lateralB
0 7.6389 -1.2500 0.0100 lateralB
0 7.7778 -1.2500 0.0100 lateralB
0 7.9167 -1.2500 0.0100 lateralB
0 8.0556 -1.2500 0.0100 lateralB
0 8.1944 -1.2500 0.0100 lateralB
0 8.3333 -1.2500 0.0100 lateralB
0 8.4722 -1.2500 0.0100 lateralB
0 8.6111 -1.2500 0.0100 lateralB
0 8.7500 -1.2500 0.0100 lateralB
0 8.8889 -1.2500 0.0100 lateralB
0 9.0278 -1.2500 0.0100 lateralB
0 9.1667 -1.2500 0.0100 lateralB
0 9.3056 -1.2500 0.0100 lateralB
0 9.4444 -1.2500 0.0100 lateralB
0 9.5833 -1.2500 0.0100 lateralB
0 9.7222 -1.2500 0.0100 lateralB
0 9.8611 -1.2500 0.0100 lateralB
0 10.0000 -1.2500 0.0100 lateralB
0 10.1389 -1.2500 0.0100 lateralB
0 10.2778 -1.2500 0.0100 lateralB
0 10.4167 -1.2500 0.0100 lateralB
0 10.5556 -1.2500 0.0100 lateralB
0 10.6944 -1.2500 0.0100 lateralB
0 10.8333 -1.2500 0.0100 lateralB
0 10.9722 -1.2500 0.0100 lateralB
0 11.1111 -1.2500 0.0100 lateralB
0 11.2500 -1.2500 0.0100 lateralB
0 11.3889 -1.2500 0.0100 lateralB
0 11.5278 -1.2500 0.0100 lateralB
0 11.6667 -1.2500 0.0100 lateralB
0 11.8056 -1.2500 0.0100 lateralB
0 11.9444 -1.2500 0.0100 lateralB
0 12.0833 -1.2500 0.0100 lateralB
0 12.2222 -1.2500 0.0100 lateralB
0 12.3611 -1.2500 0.0100 lateralB
0 12.5000 -1.2500 0.0100 basal1
0 12.5000 -1.1111 0.0100 basal1
0 12.5000 -0.9722 0.0100 basal1
0 12.5000 -0.8333 0.0100 basal1
0 12.5000 -0.6944 0.0100 basal1
0 12.5000 -0.5556 0.0100 basal1
0 12.5000 -0.4167 0.0100 basal1
0 12.5000 -0.2778 0.0100 basal1
0 12.5000 -0.1389 0.0100 basal1
0 12.5000 0.0000 0.0100 basal1
0 12.5000 0.1389 0.0100 basal1
0 12.5000 0.2778 0.0100 basal1
0 12.5000 0.4167 0.0100 basal1
0 12.5000 0.5556 0.0100 basal1
0 12.5000 0.6944 0.0100 basal1
0 12.5000 0.8333 0.0100 basal1
0 12.5000 0.9722 0.0100 basal1
0 12.5000 1.1111 0.0100 basal1
0 12.5000 1.2500 0.0100 lateralA
0 12.3611 1.2500 0.0100 lateralA
0 12.2222 1.2500 0.0100 lateralA
0 12.0833 1.2500 0.0100 lateralA
0 11.9444 1.2500 0.0100 lateralA
0 11.8056 1.2500 0.0100 lateralA
0 11.6667 1.2500 0.0100 lateralA
0 11.5278 1.2500 0.0100 lateralA
0 11.3889 1.2500 0.0100 lateralA
0 11.2500 1.2500 0.0100 lateralA
0 11.1111 1.2500 0.0100 lateralA
0 10.9722 1.2500 0.0100 lateralA
0 10.8333 1.2500 0.0100 lateralA
0 10.6944 1.2500 0.0100 lateralA
0 10.5556 1.2500 0.0100 lateralA
0 10.4167 1.2500 0.0100 lateralA
0 10.2778 1.2500 0.0100 lateralA
0 10.1389 1.2500 0.0100 lateralA
0 10.0000 1.2500 0.0100 lateralA
0 9.8611 1.2500 0.0100 lateralA
0 9.7222 1.2500 0.0100 lateralA
0 9.5833 1.2500 0.0100 lateralA
0 9.4444 1.2500 0.0100 lateralA
0 9.3056 1.2500 0.0100 lateralA
0 9.1667 1.2500 0.0100 lateralA
0 9.0278 1.2500 0.0100 lateralA
0 8.8889 1.2500 0.0100 lateralA
0 8.7500 1.2500 0.0100 lateralA
0 8.6111 1.2500 0.0100 lateralA
0 8.4722 1.2500 0.0100 lateralA
0 8.3333 1.2500 0.0100 lateralA
0 8.1944 1.2500 0.0100 lateralA
0 8.0556 1.2500 0.0100 lateralA
0 7.9167 1.2500 0.0100 lateralA
0 7.7778 1.2500 0.0100 lateralA
0 7.6389 1.2500 0.0100 lateralA
0 7.5000 1.2500 0.0100 lateralA
0 7.3611 1.2500 0.0100 lateralA
0 7.2222 1.2500 0.0100 lateralA
0 7.0833 1.2500 0.0100 lateralA
0 6.9444 1.2500 0.0100 lateralA
0 6.8056 1.2500 0.0100 lateralA
0 6.6667 1.2500 0.0100 lateralA
0 6.5278 1.2500 0.0100 lateralA
0 6.3889 1.2500 0.0100 lateralA
0 6.2500 1.2500 0.0100 lateralA
0 6.1111 1.2500 0.0100 lateralA
0 5.9722 1.2500 0.0100 lateralA
0 5.8333 1.2500 0.0100 lateralA
0 5.6944 1.2500 0.0100 lateralA
0 5.5556 1.2500 0.0100 lateralA
0 5.4167 1.2500 0.0100 lateralA
0 5.2778 1.2500 0.0100 lateralA
0 5.1389 1.2500 0.0100 lateralA
0 5.0000 1.2500 0.0100 lateralA
0 4.8611 1.2500 0.0100 lateralA
0 4.7222 1.2500 0.0100 lateralA
0 4.5833 1.2500 0.0100 lateralA
0 4.4444 1.2500 0.0100 lateralA
0 4.3056 1.2500 0.0100 lateralA
0 4.1667 1.2500 0.0100 lateralA
0 4.0278 1.2500 0.0100 lateralA
0 3.8889 1.2500 0.0100 lateralA
0 3.7500 1.2500 0.0100 lateralA
0 3.6111 1.2500 0.0100 lateralA
0 3.4722 1.2500 0.0100 lateralA
0 3.3333 1.2500 0.0100 lateralA
0 3.1944 1.2500 0.0100 lateralA
0 3.0556 1.2500 0.0100 lateralA
0 2.9167 1.2500 0.0100 lateralA
0 2.7778 1.2500 0.0100 lateralA
0 2.6389 1.2500 0.0100 lateralA
0 2.5000 1.2500 0.0100 lateralA
0 2.3611 1.2500 0.0100 lateralA
0 2.2222 1.2500 0.0100 lateralA
0 2.0833 1.2500 0.0100 lateralA
0 1.9444 1.2500 0.0100 lateralA
0 1.8056 1.2500 0.0100 lateralA
0 1.6667 1.2500 0.0100 lateralA
0 1.5278 1.2500 0.0100 lateralA
0 1.3889 1.2500 0.0100 lateralA
0 1.2500 1.2500 0.0100 lateralA
0 1.1111 1.2500 0.0100 lateralA
0 0.9722 1.2500 0.0100 lateralA
0 0.8333 1.2500 0.0100 lateralA
0 0.6944 1.2500 0.0100 lateralA
0 0.5556 1.2500 0.0100 lateralA
0 0.4167 1.2500 0.0100 lateralA
0 0.2778 1.2500 0.0100 lateralA
0 0.1389 1.2500 0.0100 lateralA
