6.724500 19.300000
6.724500 19.475000
6.724500 19.650000
6.724500 19.825000
6.724500 20.000000
6.724500 20.175000
6.724500 20.350000
6.724500 20.525000
6.724500 20.700000
6.724500 20.875000
6.724500 21.050000
6.724500 21.225000
6.724500 21.400000
6.724500 21.575000
6.724500 21.750000
6.724500 21.925000
6.724500 22.100000
6.724500 22.275000
6.724500 22.450000
6.724500 22.625000
6.724500 22.800000
6.724500 22.975000
6.549500 22.975000
6.374500 22.975000
6.199500 22.975000
6.024500 22.975000
5.849500 22.975000
5.674500 22.975000
5.499500 22.975000
5.324500 22.975000
5.149500 22.975000
4.974500 22.975000
4.799500 22.975000
4.624500 22.975000
4.449500 22.975000
4.274500 22.975000
4.274500 22.800000
4.274500 22.625000
4.274500 22.450000
4.274500 22.275000
4.274500 22.100000
4.274500 21.925000
4.274500 21.750000
4.274500 21.575000
4.274500 21.400000
4.274500 21.225000
4.274500 21.050000
4.274500 20.875000
4.274500 20.700000
4.274500 20.525000
4.274500 20.350000
4.274500 20.175000
4.274500 20.000000
4.274500 19.825000
4.274500 19.650000
4.274500 19.475000
4.274500 19.300000
4.274500 19.125000
4.274500 18.950000
4.274500 18.775000
4.274500 18.600000
4.274500 18.425000
4.274500 18.250000
4.274500 18.075000
4.274500 17.900000
4.274500 17.725000
4.274500 17.550000
4.274500 17.375000
4.274500 17.200000
4.274500 17.025000
4.274500 16.850000
4.274500 16.675000
4.274500 16.500000
4.274500 16.325000
4.274500 16.150000
4.274500 15.975000
4.274500 15.800000
4.274500 15.625000
4.449500 15.625000
4.624500 15.625000
4.799500 15.625000
4.974500 15.625000
5.149500 15.625000
5.324500 15.625000
5.499500 15.625000
5.674500 15.625000
5.849500 15.625000
6.024500 15.625000
6.199500 15.625000
6.374500 15.625000
6.549500 15.625000
6.724500 15.625000
6.724500 15.800000
6.724500 15.975000
6.724500 16.150000
6.724500 16.325000
6.724500 16.500000
6.724500 16.675000
6.724500 16.850000
6.724500 17.025000
6.724500 17.200000
6.724500 17.375000
6.724500 17.550000
6.724500 17.725000
6.724500 17.900000
6.724500 18.075000
6.724500 18.250000
6.724500 18.425000
6.724500 18.600000
6.724500 18.775000
6.724500 18.950000
6.724500 19.125000
9.503500 19.300000
9.503500 19.475000
9.503500 19.650000
9.503500 19.825000
9.503500 20.000000
9.503500 20.175000
9.503500 20.350000
9.503500 20.525000
9.503500 20.700000
9.503500 20.875000
9.503500 21.050000
9.503500 21.225000
9.503500 21.400000
9.503500 21.575000
9.503500 21.750000
9.503500 21.925000
9.503500 22.100000
9.503500 22.275000
9.503500 22.450000
9.503500 22.625000
9.503500 22.800000
9.503500 22.975000
9.328500 22.975000
9.153500 22.975000
8.978500 22.975000
8.803500 22.975000
8.628500 22.975000
8.453500 22.975000
8.278500 22.975000
8.103500 22.975000
7.928500 22.975000
7.753500 22.975000
7.578500 22.975000
7.403500 22.975000
7.228500 22.975000
7.053500 22.975000
7.053500 22.800000
7.053500 22.625000
7.053500 22.450000
7.053500 22.275000
7.053500 22.100000
7.053500 21.925000
7.053500 21.750000
7.053500 21.575000
7.053500 21.400000
7.053500 21.225000
7.053500 21.050000
7.053500 20.875000
7.053500 20.700000
7.053500 20.525000
7.053500 20.350000
7.053500 20.175000
7.053500 20.000000
7.053500 19.825000
7.053500 19.650000
7.053500 19.475000
7.053500 19.300000
7.053500 19.125000
7.053500 18.950000
7.053500 18.775000
7.053500 18.600000
7.053500 18.425000
7.053500 18.250000
7.053500 18.075000
7.053500 17.900000
7.053500 17.725000
7.053500 17.550000
7.053500 17.375000
7.053500 17.200000
7.053500 17.025000
7.053500 16.850000
7.053500 16.675000
7.053500 16.500000
7.053500 16.325000
7.053500 16.150000
7.053500 15.975000
7.053500 15.800000
7.053500 15.625000
7.228500 15.625000
7.403500 15.625000
7.578500 15.625000
7.753500 15.625000
7.928500 15.625000
8.103500 15.625000
8.278500 15.625000
8.453500 15.625000
8.628500 15.625000
8.803500 15.625000
8.978500 15.625000
9.153500 15.625000
9.328500 15.625000
9.503500 15.625000
9.503500 15.800000
9.503500 15.975000
9.503500 16.150000
9.503500 16.325000
9.503500 16.500000
9.503500 16.675000
9.503500 16.850000
9.503500 17.025000
9.503500 17.200000
9.503500 17.375000
9.503500 17.550000
9.503500 17.725000
9.503500 17.900000
9.503500 18.075000
9.503500 18.250000
9.503500 18.425000
9.503500 18.600000
9.503500 18.775000
9.503500 18.950000
9.503500 19.125000
12.282500 19.300000
12.282500 19.475000
12.282500 19.650000
12.282500 19.825000
12.282500 20.000000
12.282500 20.175000
12.282500 20.350000
12.282500 20.525000
12.282500 20.700000
12.282500 20.875000
12.282500 21.050000
12.282500 21.225000
12.282500 21.400000
12.282500 21.575000
12.282500 21.750000
12.282500 21.925000
12.282500 22.100000
12.282500 22.275000
12.282500 22.450000
12.282500 22.625000
12.282500 22.800000
12.282500 22.975000
12.107500 22.975000
11.932500 22.975000
11.757500 22.975000
11.582500 22.975000
11.407500 22.975000
11.232500 22.975000
11.057500 22.975000
10.882500 22.975000
10.707500 22.975000
10.532500 22.975000
10.357500 22.975000
10.182500 22.975000
10.007500 22.975000
9.832500 22.975000
9.832500 22.800000
9.832500 22.625000
9.832500 22.450000
9.832500 22.275000
9.832500 22.100000
9.832500 21.925000
9.832500 21.750000
9.832500 21.575000
9.832500 21.400000
9.832500 21.225000
9.832500 21.050000
9.832500 20.875000
9.832500 20.700000
9.832500 20.525000
9.832500 20.350000
9.832500 20.175000
9.832500 20.000000
9.832500 19.825000
9.832500 19.650000
9.832500 19.475000
9.832500 19.300000
9.832500 19.125000
9.832500 18.950000
9.832500 18.775000
9.832500 18.600000
9.832500 18.425000
9.832500 18.250000
9.832500 18.075000
9.832500 17.900000
9.832500 17.725000
9.832500 17.550000
9.832500 17.375000
9.832500 17.200000
9.832500 17.025000
9.832500 16.850000
9.832500 16.675000
9.832500 16.500000
9.832500 16.325000
9.832500 16.150000
9.832500 15.975000
9.832500 15.800000
9.832500 15.625000
10.007500 15.625000
10.182500 15.625000
10.357500 15.625000
10.532500 15.625000
10.707500 15.625000
10.882500 15.625000
11.057500 15.625000
11.232500 15.625000
11.407500 15.625000
11.582500 15.625000
11.757500 15.625000
11.932500 15.625000
12.107500 15.625000
12.282500 15.625000
12.282500 15.800000
12.282500 15.975000
12.282500 16.150000
12.282500 16.325000
12.282500 16.500000
12.282500 16.675000
12.282500 16.850000
12.282500 17.025000
12.282500 17.200000
12.282500 17.375000
12.282500 17.550000
12.282500 17.725000
12.282500 17.900000
12.282500 18.075000
12.282500 18.250000
12.282500 18.425000
12.282500 18.600000
12.282500 18.775000
12.282500 18.950000
12.282500 19.125000
15.061500 19.300000
15.061500 19.475000
15.061500 19.650000
15.061500 19.825000
15.061500 20.000000
15.061500 20.175000
15.061500 20.350000
15.061500 20.525000
15.061500 20.700000
15.061500 20.875000
15.061500 21.050000
15.061500 21.225000
15.061500 21.400000
15.061500 21.575000
15.061500 21.750000
15.061500 21.925000
15.061500 22.100000
15.061500 22.275000
15.061500 22.450000
15.061500 22.625000
15.061500 22.800000
15.061500 22.975000
14.886500 22.975000
14.711500 22.975000
14.536500 22.975000
14.361500 22.975000
14.186500 22.975000
14.011500 22.975000
13.836500 22.975000
13.661500 22.975000
13.486500 22.975000
13.311500 22.975000
13.136500 22.975000
12.961500 22.975000
12.786500 22.975000
12.611500 22.975000
12.611500 22.800000
12.611500 22.625000
12.611500 22.450000
12.611500 22.275000
12.611500 22.100000
12.611500 21.925000
12.611500 21.750000
12.611500 21.575000
12.611500 21.400000
12.611500 21.225000
12.611500 21.050000
12.611500 20.875000
12.611500 20.700000
12.611500 20.525000
12.611500 20.350000
12.611500 20.175000
12.611500 20.000000
12.611500 19.825000
12.611500 19.650000
12.611500 19.475000
12.611500 19.300000
12.611500 19.125000
12.611500 18.950000
12.611500 18.775000
12.611500 18.600000
12.611500 18.425000
12.611500 18.250000
12.611500 18.075000
12.611500 17.900000
12.611500 17.725000
12.611500 17.550000
12.611500 17.375000
12.611500 17.200000
12.611500 17.025000
12.611500 16.850000
12.611500 16.675000
12.611500 16.500000
12.611500 16.325000
12.611500 16.150000
12.611500 15.975000
12.611500 15.800000
12.611500 15.625000
12.786500 15.625000
12.961500 15.625000
13.136500 15.625000
13.311500 15.625000
13.486500 15.625000
13.661500 15.625000
13.836500 15.625000
14.011500 15.625000
14.186500 15.625000
14.361500 15.625000
14.536500 15.625000
14.711500 15.625000
14.886500 15.625000
15.061500 15.625000
15.061500 15.800000
15.061500 15.975000
15.061500 16.150000
15.061500 16.325000
15.061500 16.500000
15.061500 16.675000
15.061500 16.850000
15.061500 17.025000
15.061500 17.200000
15.061500 17.375000
15.061500 17.550000
15.061500 17.725000
15.061500 17.900000
15.061500 18.075000
15.061500 18.250000
15.061500 18.425000
15.061500 18.600000
15.061500 18.775000
15.061500 18.950000
15.061500 19.125000
17.840500 19.300000
17.840500 19.475000
17.840500 19.650000
17.840500 19.825000
17.840500 20.000000
17.840500 20.175000
17.840500 20.350000
17.840500 20.525000
17.840500 20.700000
17.840500 20.875000
17.840500 21.050000
17.840500 21.225000
17.840500 21.400000
17.840500 21.575000
17.840500 21.750000
17.840500 21.925000
17.840500 22.100000
17.840500 22.275000
17.840500 22.450000
17.840500 22.625000
17.840500 22.800000
17.840500 22.975000
17.665500 22.975000
17.490500 22.975000
17.315500 22.975000
17.140500 22.975000
16.965500 22.975000
16.790500 22.975000
16.615500 22.975000
16.440500 22.975000
16.265500 22.975000
16.090500 22.975000
15.915500 22.975000
15.740500 22.975000
15.565500 22.975000
15.390500 22.975000
15.390500 22.800000
15.390500 22.625000
15.390500 22.450000
15.390500 22.275000
15.390500 22.100000
15.390500 21.925000
15.390500 21.750000
15.390500 21.575000
15.390500 21.400000
15.390500 21.225000
15.390500 21.050000
15.390500 20.875000
15.390500 20.700000
15.390500 20.525000
15.390500 20.350000
15.390500 20.175000
15.390500 20.000000
15.390500 19.825000
15.390500 19.650000
15.390500 19.475000
15.390500 19.300000
15.390500 19.125000
15.390500 18.950000
15.390500 18.775000
15.390500 18.600000
15.390500 18.425000
15.390500 18.250000
15.390500 18.075000
15.390500 17.900000
15.390500 17.725000
15.390500 17.550000
15.390500 17.375000
15.390500 17.200000
15.390500 17.025000
15.390500 16.850000
15.390500 16.675000
15.390500 16.500000
15.390500 16.325000
15.390500 16.150000
15.390500 15.975000
15.390500 15.800000
15.390500 15.625000
15.565500 15.625000
15.740500 15.625000
15.915500 15.625000
16.090500 15.625000
16.265500 15.625000
16.440500 15.625000
16.615500 15.625000
16.790500 15.625000
16.965500 15.625000
17.140500 15.625000
17.315500 15.625000
17.490500 15.625000
17.665500 15.625000
17.840500 15.625000
17.840500 15.800000
17.840500 15.975000
17.840500 16.150000
17.840500 16.325000
17.840500 16.500000
17.840500 16.675000
17.840500 16.850000
17.840500 17.025000
17.840500 17.200000
17.840500 17.375000
17.840500 17.550000
17.840500 17.725000
17.840500 17.900000
17.840500 18.075000
17.840500 18.250000
17.840500 18.425000
17.840500 18.600000
17.840500 18.775000
17.840500 18.950000
17.840500 19.125000
20.619500 19.300000
20.619500 19.475000
20.619500 19.650000
20.619500 19.825000
20.619500 20.000000
20.619500 20.175000
20.619500 20.350000
20.619500 20.525000
20.619500 20.700000
20.619500 20.875000
20.619500 21.050000
20.619500 21.225000
20.619500 21.400000
20.619500 21.575000
20.619500 21.750000
20.619500 21.925000
20.619500 22.100000
20.619500 22.275000
20.619500 22.450000
20.619500 22.625000
20.619500 22.800000
20.619500 22.975000
20.444500 22.975000
20.269500 22.975000
20.094500 22.975000
19.919500 22.975000
19.744500 22.975000
19.569500 22.975000
19.394500 22.975000
19.219500 22.975000
19.044500 22.975000
18.869500 22.975000
18.694500 22.975000
18.519500 22.975000
18.344500 22.975000
18.169500 22.975000
18.169500 22.800000
18.169500 22.625000
18.169500 22.450000
18.169500 22.275000
18.169500 22.100000
18.169500 21.925000
18.169500 21.750000
18.169500 21.575000
18.169500 21.400000
18.169500 21.225000
18.169500 21.050000
18.169500 20.875000
18.169500 20.700000
18.169500 20.525000
18.169500 20.350000
18.169500 20.175000
18.169500 20.000000
18.169500 19.825000
18.169500 19.650000
18.169500 19.475000
18.169500 19.300000
18.169500 19.125000
18.169500 18.950000
18.169500 18.775000
18.169500 18.600000
18.169500 18.425000
18.169500 18.250000
18.169500 18.075000
18.169500 17.900000
18.169500 17.725000
18.169500 17.550000
18.169500 17.375000
18.169500 17.200000
18.169500 17.025000
18.169500 16.850000
18.169500 16.675000
18.169500 16.500000
18.169500 16.325000
18.169500 16.150000
18.169500 15.975000
18.169500 15.800000
18.169500 15.625000
18.344500 15.625000
18.519500 15.625000
18.694500 15.625000
18.869500 15.625000
19.044500 15.625000
19.219500 15.625000
19.394500 15.625000
19.569500 15.625000
19.744500 15.625000
19.919500 15.625000
20.094500 15.625000
20.269500 15.625000
20.444500 15.625000
20.619500 15.625000
20.619500 15.800000
20.619500 15.975000
20.619500 16.150000
20.619500 16.325000
20.619500 16.500000
20.619500 16.675000
20.619500 16.850000
20.619500 17.025000
20.619500 17.200000
20.619500 17.375000
20.619500 17.550000
20.619500 17.725000
20.619500 17.900000
20.619500 18.075000
20.619500 18.250000
20.619500 18.425000
20.619500 18.600000
20.619500 18.775000
20.619500 18.950000
20.619500 19.125000
23.398500 19.300000
23.398500 19.475000
23.398500 19.650000
23.398500 19.825000
23.398500 20.000000
23.398500 20.175000
23.398500 20.350000
23.398500 20.525000
23.398500 20.700000
23.398500 20.875000
23.398500 21.050000
23.398500 21.225000
23.398500 21.400000
23.398500 21.575000
23.398500 21.750000
23.398500 21.925000
23.398500 22.100000
23.398500 22.275000
23.398500 22.450000
23.398500 22.625000
23.398500 22.800000
23.398500 22.975000
23.223500 22.975000
23.048500 22.975000
22.873500 22.975000
22.698500 22.975000
22.523500 22.975000
22.348500 22.975000
22.173500 22.975000
21.998500 22.975000
21.823500 22.975000
21.648500 22.975000
21.473500 22.975000
21.298500 22.975000
21.123500 22.975000
20.948500 22.975000
20.948500 22.800000
20.948500 22.625000
20.948500 22.450000
20.948500 22.275000
20.948500 22.100000
20.948500 21.925000
20.948500 21.750000
20.948500 21.575000
20.948500 21.400000
20.948500 21.225000
20.948500 21.050000
20.948500 20.875000
20.948500 20.700000
20.948500 20.525000
20.948500 20.350000
20.948500 20.175000
20.948500 20.000000
20.948500 19.825000
20.948500 19.650000
20.948500 19.475000
20.948500 19.300000
20.948500 19.125000
20.948500 18.950000
20.948500 18.775000
20.948500 18.600000
20.948500 18.425000
20.948500 18.250000
20.948500 18.075000
20.948500 17.900000
20.948500 17.725000
20.948500 17.550000
20.948500 17.375000
20.948500 17.200000
20.948500 17.025000
20.948500 16.850000
20.948500 16.675000
20.948500 16.500000
20.948500 16.325000
20.948500 16.150000
20.948500 15.975000
20.948500 15.800000
20.948500 15.625000
21.123500 15.625000
21.298500 15.625000
21.473500 15.625000
21.648500 15.625000
21.823500 15.625000
21.998500 15.625000
22.173500 15.625000
22.348500 15.625000
22.523500 15.625000
22.698500 15.625000
22.873500 15.625000
23.048500 15.625000
23.223500 15.625000
23.398500 15.625000
23.398500 15.800000
23.398500 15.975000
23.398500 16.150000
23.398500 16.325000
23.398500 16.500000
23.398500 16.675000
23.398500 16.850000
23.398500 17.025000
23.398500 17.200000
23.398500 17.375000
23.398500 17.550000
23.398500 17.725000
23.398500 17.900000
23.398500 18.075000
23.398500 18.250000
23.398500 18.425000
23.398500 18.600000
23.398500 18.775000
23.398500 18.950000
23.398500 19.125000
26.177500 19.300000
26.177500 19.475000
26.177500 19.650000
26.177500 19.825000
26.177500 20.000000
26.177500 20.175000
26.177500 20.350000
26.177500 20.525000
26.177500 20.700000
26.177500 20.875000
26.177500 21.050000
26.177500 21.225000
26.177500 21.400000
26.177500 21.575000
26.177500 21.750000
26.177500 21.925000
26.177500 22.100000
26.177500 22.275000
26.177500 22.450000
26.177500 22.625000
26.177500 22.800000
26.177500 22.975000
26.002500 22.975000
25.827500 22.975000
25.652500 22.975000
25.477500 22.975000
25.302500 22.975000
25.127500 22.975000
24.952500 22.975000
24.777500 22.975000
24.602500 22.975000
24.427500 22.975000
24.252500 22.975000
24.077500 22.975000
23.902500 22.975000
23.727500 22.975000
23.727500 22.800000
23.727500 22.625000
23.727500 22.450000
23.727500 22.275000
23.727500 22.100000
23.727500 21.925000
23.727500 21.750000
23.727500 21.575000
23.727500 21.400000
23.727500 21.225000
23.727500 21.050000
23.727500 20.875000
23.727500 20.700000
23.727500 20.525000
23.727500 20.350000
23.727500 20.175000
23.727500 20.000000
23.727500 19.825000
23.727500 19.650000
23.727500 19.475000
23.727500 19.300000
23.727500 19.125000
23.727500 18.950000
23.727500 18.775000
23.727500 18.600000
23.727500 18.425000
23.727500 18.250000
23.727500 18.075000
23.727500 17.900000
23.727500 17.725000
23.727500 17.550000
23.727500 17.375000
23.727500 17.200000
23.727500 17.025000
23.727500 16.850000
23.727500 16.675000
23.727500 16.500000
23.727500 16.325000
23.727500 16.150000
23.727500 15.975000
23.727500 15.800000
23.727500 15.625000
23.902500 15.625000
24.077500 15.625000
24.252500 15.625000
24.427500 15.625000
24.602500 15.625000
24.777500 15.625000
24.952500 15.625000
25.127500 15.625000
25.302500 15.625000
25.477500 15.625000
25.652500 15.625000
25.827500 15.625000
26.002500 15.625000
26.177500 15.625000
26.177500 15.800000
26.177500 15.975000
26.177500 16.150000
26.177500 16.325000
26.177500 16.500000
26.177500 16.675000
26.177500 16.850000
26.177500 17.025000
26.177500 17.200000
26.177500 17.375000
26.177500 17.550000
26.177500 17.725000
26.177500 17.900000
26.177500 18.075000
26.177500 18.250000
26.177500 18.425000
26.177500 18.600000
26.177500 18.775000
26.177500 18.950000
26.177500 19.125000
28.956500 19.300000
28.956500 19.475000
28.956500 19.650000
28.956500 19.825000
28.956500 20.000000
28.956500 20.175000
28.956500 20.350000
28.956500 20.525000
28.956500 20.700000
28.956500 20.875000
28.956500 21.050000
28.956500 21.225000
28.956500 21.400000
28.956500 21.575000
28.956500 21.750000
28.956500 21.925000
28.956500 22.100000
28.956500 22.275000
28.956500 22.450000
28.956500 22.625000
28.956500 22.800000
28.956500 22.975000
28.781500 22.975000
28.606500 22.975000
28.431500 22.975000
28.256500 22.975000
28.081500 22.975000
27.906500 22.975000
27.731500 22.975000
27.556500 22.975000
27.381500 22.975000
27.206500 22.975000
27.031500 22.975000
26.856500 22.975000
26.681500 22.975000
26.506500 22.975000
26.506500 22.800000
26.506500 22.625000
26.506500 22.450000
26.506500 22.275000
26.506500 22.100000
26.506500 21.925000
26.506500 21.750000
26.506500 21.575000
26.506500 21.400000
26.506500 21.225000
26.506500 21.050000
26.506500 20.875000
26.506500 20.700000
26.506500 20.525000
26.506500 20.350000
26.506500 20.175000
26.506500 20.000000
26.506500 19.825000
26.506500 19.650000
26.506500 19.475000
26.506500 19.300000
26.506500 19.125000
26.506500 18.950000
26.506500 18.775000
26.506500 18.600000
26.506500 18.425000
26.506500 18.250000
26.506500 18.075000
26.506500 17.900000
26.506500 17.725000
26.506500 17.550000
26.506500 17.375000
26.506500 17.200000
26.506500 17.025000
26.506500 16.850000
26.506500 16.675000
26.506500 16.500000
26.506500 16.325000
26.506500 16.150000
26.506500 15.975000
26.506500 15.800000
26.506500 15.625000
26.681500 15.625000
26.856500 15.625000
27.031500 15.625000
27.206500 15.625000
27.381500 15.625000
27.556500 15.625000
27.731500 15.625000
27.906500 15.625000
28.081500 15.625000
28.256500 15.625000
28.431500 15.625000
28.606500 15.625000
28.781500 15.625000
28.956500 15.625000
28.956500 15.800000
28.956500 15.975000
28.956500 16.150000
28.956500 16.325000
28.956500 16.500000
28.956500 16.675000
28.956500 16.850000
28.956500 17.025000
28.956500 17.200000
28.956500 17.375000
28.956500 17.550000
28.956500 17.725000
28.956500 17.900000
28.956500 18.075000
28.956500 18.250000
28.956500 18.425000
28.956500 18.600000
28.956500 18.775000
28.956500 18.950000
28.956500 19.125000
31.735500 19.300000
31.735500 19.475000
31.735500 19.650000
31.735500 19.825000
31.735500 20.000000
31.735500 20.175000
31.735500 20.350000
31.735500 20.525000
31.735500 20.700000
31.735500 20.875000
31.735500 21.050000
31.735500 21.225000
31.735500 21.400000
31.735500 21.575000
31.735500 21.750000
31.735500 21.925000
31.735500 22.100000
31.735500 22.275000
31.735500 22.450000
31.735500 22.625000
31.735500 22.800000
31.735500 22.975000
31.560500 22.975000
31.385500 22.975000
31.210500 22.975000
31.035500 22.975000
30.860500 22.975000
30.685500 22.975000
30.510500 22.975000
30.335500 22.975000
30.160500 22.975000
29.985500 22.975000
29.810500 22.975000
29.635500 22.975000
29.460500 22.975000
29.285500 22.975000
29.285500 22.800000
29.285500 22.625000
29.285500 22.450000
29.285500 22.275000
29.285500 22.100000
29.285500 21.925000
29.285500 21.750000
29.285500 21.575000
29.285500 21.400000
29.285500 21.225000
29.285500 21.050000
29.285500 20.875000
29.285500 20.700000
29.285500 20.525000
29.285500 20.350000
29.285500 20.175000
29.285500 20.000000
29.285500 19.825000
29.285500 19.650000
29.285500 19.475000
29.285500 19.300000
29.285500 19.125000
29.285500 18.950000
29.285500 18.775000
29.285500 18.600000
29.285500 18.425000
29.285500 18.250000
29.285500 18.075000
29.285500 17.900000
29.285500 17.725000
29.285500 17.550000
29.285500 17.375000
29.285500 17.200000
29.285500 17.025000
29.285500 16.850000
29.285500 16.675000
29.285500 16.500000
29.285500 16.325000
29.285500 16.150000
29.285500 15.975000
29.285500 15.800000
29.285500 15.625000
29.460500 15.625000
29.635500 15.625000
29.810500 15.625000
29.985500 15.625000
30.160500 15.625000
30.335500 15.625000
30.510500 15.625000
30.685500 15.625000
30.860500 15.625000
31.035500 15.625000
31.210500 15.625000
31.385500 15.625000
31.560500 15.625000
31.735500 15.625000
31.735500 15.800000
31.735500 15.975000
31.735500 16.150000
31.735500 16.325000
31.735500 16.500000
31.735500 16.675000
31.735500 16.850000
31.735500 17.025000
31.735500 17.200000
31.735500 17.375000
31.735500 17.550000
31.735500 17.725000
31.735500 17.900000
31.735500 18.075000
31.735500 18.250000
31.735500 18.425000
31.735500 18.600000
31.735500 18.775000
31.735500 18.950000
31.735500 19.125000
34.514500 19.300000
34.514500 19.475000
34.514500 19.650000
34.514500 19.825000
34.514500 20.000000
34.514500 20.175000
34.514500 20.350000
34.514500 20.525000
34.514500 20.700000
34.514500 20.875000
34.514500 21.050000
34.514500 21.225000
34.514500 21.400000
34.514500 21.575000
34.514500 21.750000
34.514500 21.925000
34.514500 22.100000
34.514500 22.275000
34.514500 22.450000
34.514500 22.625000
34.514500 22.800000
34.514500 22.975000
34.339500 22.975000
34.164500 22.975000
33.989500 22.975000
33.814500 22.975000
33.639500 22.975000
33.464500 22.975000
33.289500 22.975000
33.114500 22.975000
32.939500 22.975000
32.764500 22.975000
32.589500 22.975000
32.414500 22.975000
32.239500 22.975000
32.064500 22.975000
32.064500 22.800000
32.064500 22.625000
32.064500 22.450000
32.064500 22.275000
32.064500 22.100000
32.064500 21.925000
32.064500 21.750000
32.064500 21.575000
32.064500 21.400000
32.064500 21.225000
32.064500 21.050000
32.064500 20.875000
32.064500 20.700000
32.064500 20.525000
32.064500 20.350000
32.064500 20.175000
32.064500 20.000000
32.064500 19.825000
32.064500 19.650000
32.064500 19.475000
32.064500 19.300000
32.064500 19.125000
32.064500 18.950000
32.064500 18.775000
32.064500 18.600000
32.064500 18.425000
32.064500 18.250000
32.064500 18.075000
32.064500 17.900000
32.064500 17.725000
32.064500 17.550000
32.064500 17.375000
32.064500 17.200000
32.064500 17.025000
32.064500 16.850000
32.064500 16.675000
32.064500 16.500000
32.064500 16.325000
32.064500 16.150000
32.064500 15.975000
32.064500 15.800000
32.064500 15.625000
32.239500 15.625000
32.414500 15.625000
32.589500 15.625000
32.764500 15.625000
32.939500 15.625000
33.114500 15.625000
33.289500 15.625000
33.464500 15.625000
33.639500 15.625000
33.814500 15.625000
33.989500 15.625000
34.164500 15.625000
34.339500 15.625000
34.514500 15.625000
34.514500 15.800000
34.514500 15.975000
34.514500 16.150000
34.514500 16.325000
34.514500 16.500000
34.514500 16.675000
34.514500 16.850000
34.514500 17.025000
34.514500 17.200000
34.514500 17.375000
34.514500 17.550000
34.514500 17.725000
34.514500 17.900000
34.514500 18.075000
34.514500 18.250000
34.514500 18.425000
34.514500 18.600000
34.514500 18.775000
34.514500 18.950000
34.514500 19.125000
37.293500 19.300000
37.293500 19.475000
37.293500 19.650000
37.293500 19.825000
37.293500 20.000000
37.293500 20.175000
37.293500 20.350000
37.293500 20.525000
37.293500 20.700000
37.293500 20.875000
37.293500 21.050000
37.293500 21.225000
37.293500 21.400000
37.293500 21.575000
37.293500 21.750000
37.293500 21.925000
37.293500 22.100000
37.293500 22.275000
37.293500 22.450000
37.293500 22.625000
37.293500 22.800000
37.293500 22.975000
37.118500 22.975000
36.943500 22.975000
36.768500 22.975000
36.593500 22.975000
36.418500 22.975000
36.243500 22.975000
36.068500 22.975000
35.893500 22.975000
35.718500 22.975000
35.543500 22.975000
35.368500 22.975000
35.193500 22.975000
35.018500 22.975000
34.843500 22.975000
34.843500 22.800000
34.843500 22.625000
34.843500 22.450000
34.843500 22.275000
34.843500 22.100000
34.843500 21.925000
34.843500 21.750000
34.843500 21.575000
34.843500 21.400000
34.843500 21.225000
34.843500 21.050000
34.843500 20.875000
34.843500 20.700000
34.843500 20.525000
34.843500 20.350000
34.843500 20.175000
34.843500 20.000000
34.843500 19.825000
34.843500 19.650000
34.843500 19.475000
34.843500 19.300000
34.843500 19.125000
34.843500 18.950000
34.843500 18.775000
34.843500 18.600000
34.843500 18.425000
34.843500 18.250000
34.843500 18.075000
34.843500 17.900000
34.843500 17.725000
34.843500 17.550000
34.843500 17.375000
34.843500 17.200000
34.843500 17.025000
34.843500 16.850000
34.843500 16.675000
34.843500 16.500000
34.843500 16.325000
34.843500 16.150000
34.843500 15.975000
34.843500 15.800000
34.843500 15.625000
35.018500 15.625000
35.193500 15.625000
35.368500 15.625000
35.543500 15.625000
35.718500 15.625000
35.893500 15.625000
36.068500 15.625000
36.243500 15.625000
36.418500 15.625000
36.593500 15.625000
36.768500 15.625000
36.943500 15.625000
37.118500 15.625000
37.293500 15.625000
37.293500 15.800000
37.293500 15.975000
37.293500 16.150000
37.293500 16.325000
37.293500 16.500000
37.293500 16.675000
37.293500 16.850000
37.293500 17.025000
37.293500 17.200000
37.293500 17.375000
37.293500 17.550000
37.293500 17.725000
37.293500 17.900000
37.293500 18.075000
37.293500 18.250000
37.293500 18.425000
37.293500 18.600000
37.293500 18.775000
37.293500 18.950000
37.293500 19.125000
40.072500 19.300000
40.072500 19.475000
40.072500 19.650000
40.072500 19.825000
40.072500 20.000000
40.072500 20.175000
40.072500 20.350000
40.072500 20.525000
40.072500 20.700000
40.072500 20.875000
40.072500 21.050000
40.072500 21.225000
40.072500 21.400000
40.072500 21.575000
40.072500 21.750000
40.072500 21.925000
40.072500 22.100000
40.072500 22.275000
40.072500 22.450000
40.072500 22.625000
40.072500 22.800000
40.072500 22.975000
39.897500 22.975000
39.722500 22.975000
39.547500 22.975000
39.372500 22.975000
39.197500 22.975000
39.022500 22.975000
38.847500 22.975000
38.672500 22.975000
38.497500 22.975000
38.322500 22.975000
38.147500 22.975000
37.972500 22.975000
37.797500 22.975000
37.622500 22.975000
37.622500 22.800000
37.622500 22.625000
37.622500 22.450000
37.622500 22.275000
37.622500 22.100000
37.622500 21.925000
37.622500 21.750000
37.622500 21.575000
37.622500 21.400000
37.622500 21.225000
37.622500 21.050000
37.622500 20.875000
37.622500 20.700000
37.622500 20.525000
37.622500 20.350000
37.622500 20.175000
37.622500 20.000000
37.622500 19.825000
37.622500 19.650000
37.622500 19.475000
37.622500 19.300000
37.622500 19.125000
37.622500 18.950000
37.622500 18.775000
37.622500 18.600000
37.622500 18.425000
37.622500 18.250000
37.622500 18.075000
37.622500 17.900000
37.622500 17.725000
37.622500 17.550000
37.622500 17.375000
37.622500 17.200000
37.622500 17.025000
37.622500 16.850000
37.622500 16.675000
37.622500 16.500000
37.622500 16.325000
37.622500 16.150000
37.622500 15.975000
37.622500 15.800000
37.622500 15.625000
37.797500 15.625000
37.972500 15.625000
38.147500 15.625000
38.322500 15.625000
38.497500 15.625000
38.672500 15.625000
38.847500 15.625000
39.022500 15.625000
39.197500 15.625000
39.372500 15.625000
39.547500 15.625000
39.722500 15.625000
39.897500 15.625000
40.072500 15.625000
40.072500 15.800000
40.072500 15.975000
40.072500 16.150000
40.072500 16.325000
40.072500 16.500000
40.072500 16.675000
40.072500 16.850000
40.072500 17.025000
40.072500 17.200000
40.072500 17.375000
40.072500 17.550000
40.072500 17.725000
40.072500 17.900000
40.072500 18.075000
40.072500 18.250000
40.072500 18.425000
40.072500 18.600000
40.072500 18.775000
40.072500 18.950000
40.072500 19.125000
42.851500 19.300000
42.851500 19.475000
42.851500 19.650000
42.851500 19.825000
42.851500 20.000000
42.851500 20.175000
42.851500 20.350000
42.851500 20.525000
42.851500 20.700000
42.851500 20.875000
42.851500 21.050000
42.851500 21.225000
42.851500 21.400000
42.851500 21.575000
42.851500 21.750000
42.851500 21.925000
42.851500 22.100000
42.851500 22.275000
42.851500 22.450000
42.851500 22.625000
42.851500 22.800000
42.851500 22.975000
42.676500 22.975000
42.501500 22.975000
42.326500 22.975000
42.151500 22.975000
41.976500 22.975000
41.801500 22.975000
41.626500 22.975000
41.451500 22.975000
41.276500 22.975000
41.101500 22.975000
40.926500 22.975000
40.751500 22.975000
40.576500 22.975000
40.401500 22.975000
40.401500 22.800000
40.401500 22.625000
40.401500 22.450000
40.401500 22.275000
40.401500 22.100000
40.401500 21.925000
40.401500 21.750000
40.401500 21.575000
40.401500 21.400000
40.401500 21.225000
40.401500 21.050000
40.401500 20.875000
40.401500 20.700000
40.401500 20.525000
40.401500 20.350000
40.401500 20.175000
40.401500 20.000000
40.401500 19.825000
40.401500 19.650000
40.401500 19.475000
40.401500 19.300000
40.401500 19.125000
40.401500 18.950000
40.401500 18.775000
40.401500 18.600000
40.401500 18.425000
40.401500 18.250000
40.401500 18.075000
40.401500 17.900000
40.401500 17.725000
40.401500 17.550000
40.401500 17.375000
40.401500 17.200000
40.401500 17.025000
40.401500 16.850000
40.401500 16.675000
40.401500 16.500000
40.401500 16.325000
40.401500 16.150000
40.401500 15.975000
40.401500 15.800000
40.401500 15.625000
40.576500 15.625000
40.751500 15.625000
40.926500 15.625000
41.101500 15.625000
41.276500 15.625000
41.451500 15.625000
41.626500 15.625000
41.801500 15.625000
41.976500 15.625000
42.151500 15.625000
42.326500 15.625000
42.501500 15.625000
42.676500 15.625000
42.851500 15.625000
42.851500 15.800000
42.851500 15.975000
42.851500 16.150000
42.851500 16.325000
42.851500 16.500000
42.851500 16.675000
42.851500 16.850000
42.851500 17.025000
42.851500 17.200000
42.851500 17.375000
42.851500 17.550000
42.851500 17.725000
42.851500 17.900000
42.851500 18.075000
42.851500 18.250000
42.851500 18.425000
42.851500 18.600000
42.851500 18.775000
42.851500 18.950000
42.851500 19.125000
45.630500 19.300000
45.630500 19.475000
45.630500 19.650000
45.630500 19.825000
45.630500 20.000000
45.630500 20.175000
45.630500 20.350000
45.630500 20.525000
45.630500 20.700000
45.630500 20.875000
45.630500 21.050000
45.630500 21.225000
45.630500 21.400000
45.630500 21.575000
45.630500 21.750000
45.630500 21.925000
45.630500 22.100000
45.630500 22.275000
45.630500 22.450000
45.630500 22.625000
45.630500 22.800000
45.630500 22.975000
45.455500 22.975000
45.280500 22.975000
45.105500 22.975000
44.930500 22.975000
44.755500 22.975000
44.580500 22.975000
44.405500 22.975000
44.230500 22.975000
44.055500 22.975000
43.880500 22.975000
43.705500 22.975000
43.530500 22.975000
43.355500 22.975000
43.180500 22.975000
43.180500 22.800000
43.180500 22.625000
43.180500 22.450000
43.180500 22.275000
43.180500 22.100000
43.180500 21.925000
43.180500 21.750000
43.180500 21.575000
43.180500 21.400000
43.180500 21.225000
43.180500 21.050000
43.180500 20.875000
43.180500 20.700000
43.180500 20.525000
43.180500 20.350000
43.180500 20.175000
43.180500 20.000000
43.180500 19.825000
43.180500 19.650000
43.180500 19.475000
43.180500 19.300000
43.180500 19.125000
43.180500 18.950000
43.180500 18.775000
43.180500 18.600000
43.180500 18.425000
43.180500 18.250000
43.180500 18.075000
43.180500 17.900000
43.180500 17.725000
43.180500 17.550000
43.180500 17.375000
43.180500 17.200000
43.180500 17.025000
43.180500 16.850000
43.180500 16.675000
43.180500 16.500000
43.180500 16.325000
43.180500 16.150000
43.180500 15.975000
43.180500 15.800000
43.180500 15.625000
43.355500 15.625000
43.530500 15.625000
43.705500 15.625000
43.880500 15.625000
44.055500 15.625000
44.230500 15.625000
44.405500 15.625000
44.580500 15.625000
44.755500 15.625000
44.930500 15.625000
45.105500 15.625000
45.280500 15.625000
45.455500 15.625000
45.630500 15.625000
45.630500 15.800000
45.630500 15.975000
45.630500 16.150000
45.630500 16.325000
45.630500 16.500000
45.630500 16.675000
45.630500 16.850000
45.630500 17.025000
45.630500 17.200000
45.630500 17.375000
45.630500 17.550000
45.630500 17.725000
45.630500 17.900000
45.630500 18.075000
45.630500 18.250000
45.630500 18.425000
45.630500 18.600000
45.630500 18.775000
45.630500 18.950000
45.630500 19.125000
48.409500 19.300000
48.409500 19.475000
48.409500 19.650000
48.409500 19.825000
48.409500 20.000000
48.409500 20.175000
48.409500 20.350000
48.409500 20.525000
48.409500 20.700000
48.409500 20.875000
48.409500 21.050000
48.409500 21.225000
48.409500 21.400000
48.409500 21.575000
48.409500 21.750000
48.409500 21.925000
48.409500 22.100000
48.409500 22.275000
48.409500 22.450000
48.409500 22.625000
48.409500 22.800000
48.409500 22.975000
48.234500 22.975000
48.059500 22.975000
47.884500 22.975000
47.709500 22.975000
47.534500 22.975000
47.359500 22.975000
47.184500 22.975000
47.009500 22.975000
46.834500 22.975000
46.659500 22.975000
46.484500 22.975000
46.309500 22.975000
46.134500 22.975000
45.959500 22.975000
45.959500 22.800000
45.959500 22.625000
45.959500 22.450000
45.959500 22.275000
45.959500 22.100000
45.959500 21.925000
45.959500 21.750000
45.959500 21.575000
45.959500 21.400000
45.959500 21.225000
45.959500 21.050000
45.959500 20.875000
45.959500 20.700000
45.959500 20.525000
45.959500 20.350000
45.959500 20.175000
45.959500 20.000000
45.959500 19.825000
45.959500 19.650000
45.959500 19.475000
45.959500 19.300000
45.959500 19.125000
45.959500 18.950000
45.959500 18.775000
45.959500 18.600000
45.959500 18.425000
45.959500 18.250000
45.959500 18.075000
45.959500 17.900000
45.959500 17.725000
45.959500 17.550000
45.959500 17.375000
45.959500 17.200000
45.959500 17.025000
45.959500 16.850000
45.959500 16.675000
45.959500 16.500000
45.959500 16.325000
45.959500 16.150000
45.959500 15.975000
45.959500 15.800000
45.959500 15.625000
46.134500 15.625000
46.309500 15.625000
46.484500 15.625000
46.659500 15.625000
46.834500 15.625000
47.009500 15.625000
47.184500 15.625000
47.359500 15.625000
47.534500 15.625000
47.709500 15.625000
47.884500 15.625000
48.059500 15.625000
48.234500 15.625000
48.409500 15.625000
48.409500 15.800000
48.409500 15.975000
48.409500 16.150000
48.409500 16.325000
48.409500 16.500000
48.409500 16.675000
48.409500 16.850000
48.409500 17.025000
48.409500 17.200000
48.409500 17.375000
48.409500 17.550000
48.409500 17.725000
48.409500 17.900000
48.409500 18.075000
48.409500 18.250000
48.409500 18.425000
48.409500 18.600000
48.409500 18.775000
48.409500 18.950000
48.409500 19.125000
51.188500 19.300000
51.188500 19.475000
51.188500 19.650000
51.188500 19.825000
51.188500 20.000000
51.188500 20.175000
51.188500 20.350000
51.188500 20.525000
51.188500 20.700000
51.188500 20.875000
51.188500 21.050000
51.188500 21.225000
51.188500 21.400000
51.188500 21.575000
51.188500 21.750000
51.188500 21.925000
51.188500 22.100000
51.188500 22.275000
51.188500 22.450000
51.188500 22.625000
51.188500 22.800000
51.188500 22.975000
51.013500 22.975000
50.838500 22.975000
50.663500 22.975000
50.488500 22.975000
50.313500 22.975000
50.138500 22.975000
49.963500 22.975000
49.788500 22.975000
49.613500 22.975000
49.438500 22.975000
49.263500 22.975000
49.088500 22.975000
48.913500 22.975000
48.738500 22.975000
48.738500 22.800000
48.738500 22.625000
48.738500 22.450000
48.738500 22.275000
48.738500 22.100000
48.738500 21.925000
48.738500 21.750000
48.738500 21.575000
48.738500 21.400000
48.738500 21.225000
48.738500 21.050000
48.738500 20.875000
48.738500 20.700000
48.738500 20.525000
48.738500 20.350000
48.738500 20.175000
48.738500 20.000000
48.738500 19.825000
48.738500 19.650000
48.738500 19.475000
48.738500 19.300000
48.738500 19.125000
48.738500 18.950000
48.738500 18.775000
48.738500 18.600000
48.738500 18.425000
48.738500 18.250000
48.738500 18.075000
48.738500 17.900000
48.738500 17.725000
48.738500 17.550000
48.738500 17.375000
48.738500 17.200000
48.738500 17.025000
48.738500 16.850000
48.738500 16.675000
48.738500 16.500000
48.738500 16.325000
48.738500 16.150000
48.738500 15.975000
48.738500 15.800000
48.738500 15.625000
48.913500 15.625000
49.088500 15.625000
49.263500 15.625000
49.438500 15.625000
49.613500 15.625000
49.788500 15.625000
49.963500 15.625000
50.138500 15.625000
50.313500 15.625000
50.488500 15.625000
50.663500 15.625000
50.838500 15.625000
51.013500 15.625000
51.188500 15.625000
51.188500 15.800000
51.188500 15.975000
51.188500 16.150000
51.188500 16.325000
51.188500 16.500000
51.188500 16.675000
51.188500 16.850000
51.188500 17.025000
51.188500 17.200000
51.188500 17.375000
51.188500 17.550000
51.188500 17.725000
51.188500 17.900000
51.188500 18.075000
51.188500 18.250000
51.188500 18.425000
51.188500 18.600000
51.188500 18.775000
51.188500 18.950000
51.188500 19.125000
53.967500 19.300000
53.967500 19.475000
53.967500 19.650000
53.967500 19.825000
53.967500 20.000000
53.967500 20.175000
53.967500 20.350000
53.967500 20.525000
53.967500 20.700000
53.967500 20.875000
53.967500 21.050000
53.967500 21.225000
53.967500 21.400000
53.967500 21.575000
53.967500 21.750000
53.967500 21.925000
53.967500 22.100000
53.967500 22.275000
53.967500 22.450000
53.967500 22.625000
53.967500 22.800000
53.967500 22.975000
53.792500 22.975000
53.617500 22.975000
53.442500 22.975000
53.267500 22.975000
53.092500 22.975000
52.917500 22.975000
52.742500 22.975000
52.567500 22.975000
52.392500 22.975000
52.217500 22.975000
52.042500 22.975000
51.867500 22.975000
51.692500 22.975000
51.517500 22.975000
51.517500 22.800000
51.517500 22.625000
51.517500 22.450000
51.517500 22.275000
51.517500 22.100000
51.517500 21.925000
51.517500 21.750000
51.517500 21.575000
51.517500 21.400000
51.517500 21.225000
51.517500 21.050000
51.517500 20.875000
51.517500 20.700000
51.517500 20.525000
51.517500 20.350000
51.517500 20.175000
51.517500 20.000000
51.517500 19.825000
51.517500 19.650000
51.517500 19.475000
51.517500 19.300000
51.517500 19.125000
51.517500 18.950000
51.517500 18.775000
51.517500 18.600000
51.517500 18.425000
51.517500 18.250000
51.517500 18.075000
51.517500 17.900000
51.517500 17.725000
51.517500 17.550000
51.517500 17.375000
51.517500 17.200000
51.517500 17.025000
51.517500 16.850000
51.517500 16.675000
51.517500 16.500000
51.517500 16.325000
51.517500 16.150000
51.517500 15.975000
51.517500 15.800000
51.517500 15.625000
51.692500 15.625000
51.867500 15.625000
52.042500 15.625000
52.217500 15.625000
52.392500 15.625000
52.567500 15.625000
52.742500 15.625000
52.917500 15.625000
53.092500 15.625000
53.267500 15.625000
53.442500 15.625000
53.617500 15.625000
53.792500 15.625000
53.967500 15.625000
53.967500 15.800000
53.967500 15.975000
53.967500 16.150000
53.967500 16.325000
53.967500 16.500000
53.967500 16.675000
53.967500 16.850000
53.967500 17.025000
53.967500 17.200000
53.967500 17.375000
53.967500 17.550000
53.967500 17.725000
53.967500 17.900000
53.967500 18.075000
53.967500 18.250000
53.967500 18.425000
53.967500 18.600000
53.967500 18.775000
53.967500 18.950000
53.967500 19.125000
56.746500 19.300000
56.746500 19.475000
56.746500 19.650000
56.746500 19.825000
56.746500 20.000000
56.746500 20.175000
56.746500 20.350000
56.746500 20.525000
56.746500 20.700000
56.746500 20.875000
56.746500 21.050000
56.746500 21.225000
56.746500 21.400000
56.746500 21.575000
56.746500 21.750000
56.746500 21.925000
56.746500 22.100000
56.746500 22.275000
56.746500 22.450000
56.746500 22.625000
56.746500 22.800000
56.746500 22.975000
56.571500 22.975000
56.396500 22.975000
56.221500 22.975000
56.046500 22.975000
55.871500 22.975000
55.696500 22.975000
55.521500 22.975000
55.346500 22.975000
55.171500 22.975000
54.996500 22.975000
54.821500 22.975000
54.646500 22.975000
54.471500 22.975000
54.296500 22.975000
54.296500 22.800000
54.296500 22.625000
54.296500 22.450000
54.296500 22.275000
54.296500 22.100000
54.296500 21.925000
54.296500 21.750000
54.296500 21.575000
54.296500 21.400000
54.296500 21.225000
54.296500 21.050000
54.296500 20.875000
54.296500 20.700000
54.296500 20.525000
54.296500 20.350000
54.296500 20.175000
54.296500 20.000000
54.296500 19.825000
54.296500 19.650000
54.296500 19.475000
54.296500 19.300000
54.296500 19.125000
54.296500 18.950000
54.296500 18.775000
54.296500 18.600000
54.296500 18.425000
54.296500 18.250000
54.296500 18.075000
54.296500 17.900000
54.296500 17.725000
54.296500 17.550000
54.296500 17.375000
54.296500 17.200000
54.296500 17.025000
54.296500 16.850000
54.296500 16.675000
54.296500 16.500000
54.296500 16.325000
54.296500 16.150000
54.296500 15.975000
54.296500 15.800000
54.296500 15.625000
54.471500 15.625000
54.646500 15.625000
54.821500 15.625000
54.996500 15.625000
55.171500 15.625000
55.346500 15.625000
55.521500 15.625000
55.696500 15.625000
55.871500 15.625000
56.046500 15.625000
56.221500 15.625000
56.396500 15.625000
56.571500 15.625000
56.746500 15.625000
56.746500 15.800000
56.746500 15.975000
56.746500 16.150000
56.746500 16.325000
56.746500 16.500000
56.746500 16.675000
56.746500 16.850000
56.746500 17.025000
56.746500 17.200000
56.746500 17.375000
56.746500 17.550000
56.746500 17.725000
56.746500 17.900000
56.746500 18.075000
56.746500 18.250000
56.746500 18.425000
56.746500 18.600000
56.746500 18.775000
56.746500 18.950000
56.746500 19.125000
59.525500 19.300000
59.525500 19.475000
59.525500 19.650000
59.525500 19.825000
59.525500 20.000000
59.525500 20.175000
59.525500 20.350000
59.525500 20.525000
59.525500 20.700000
59.525500 20.875000
59.525500 21.050000
59.525500 21.225000
59.525500 21.400000
59.525500 21.575000
59.525500 21.750000
59.525500 21.925000
59.525500 22.100000
59.525500 22.275000
59.525500 22.450000
59.525500 22.625000
59.525500 22.800000
59.525500 22.975000
59.350500 22.975000
59.175500 22.975000
59.000500 22.975000
58.825500 22.975000
58.650500 22.975000
58.475500 22.975000
58.300500 22.975000
58.125500 22.975000
57.950500 22.975000
57.775500 22.975000
57.600500 22.975000
57.425500 22.975000
57.250500 22.975000
57.075500 22.975000
57.075500 22.800000
57.075500 22.625000
57.075500 22.450000
57.075500 22.275000
57.075500 22.100000
57.075500 21.925000
57.075500 21.750000
57.075500 21.575000
57.075500 21.400000
57.075500 21.225000
57.075500 21.050000
57.075500 20.875000
57.075500 20.700000
57.075500 20.525000
57.075500 20.350000
57.075500 20.175000
57.075500 20.000000
57.075500 19.825000
57.075500 19.650000
57.075500 19.475000
57.075500 19.300000
57.075500 19.125000
57.075500 18.950000
57.075500 18.775000
57.075500 18.600000
57.075500 18.425000
57.075500 18.250000
57.075500 18.075000
57.075500 17.900000
57.075500 17.725000
57.075500 17.550000
57.075500 17.375000
57.075500 17.200000
57.075500 17.025000
57.075500 16.850000
57.075500 16.675000
57.075500 16.500000
57.075500 16.325000
57.075500 16.150000
57.075500 15.975000
57.075500 15.800000
57.075500 15.625000
57.250500 15.625000
57.425500 15.625000
57.600500 15.625000
57.775500 15.625000
57.950500 15.625000
58.125500 15.625000
58.300500 15.625000
58.475500 15.625000
58.650500 15.625000
58.825500 15.625000
59.000500 15.625000
59.175500 15.625000
59.350500 15.625000
59.525500 15.625000
59.525500 15.800000
59.525500 15.975000
59.525500 16.150000
59.525500 16.325000
59.525500 16.500000
59.525500 16.675000
59.525500 16.850000
59.525500 17.025000
59.525500 17.200000
59.525500 17.375000
59.525500 17.550000
59.525500 17.725000
59.525500 17.900000
59.525500 18.075000
59.525500 18.250000
59.525500 18.425000
59.525500 18.600000
59.525500 18.775000
59.525500 18.950000
59.525500 19.125000
